251 187 2 252 186 4 252 187 2 251 185 6 251 184 9 254 186 3 249 185 7 251 183 10 254 185 4 
250 181 0 249 179 1 250 178 0 250 181 0 251 179 1 250 178 0 249 180 0 250 178 0 250 178 0 
255 183 3 255 186 0 255 186 0 253 185 2 249 184 2 249 184 2 252 185 0 247 183 5 249 182 5 
252 195 0 246 193 0 248 188 0 251 192 0 248 193 0 250 188 0 250 189 1 249 191 0 251 189 0 
250 182 0 251 181 0 250 180 0 252 182 0 251 181 0 250 179 0 252 182 0 250 179 0 249 177 0 
249 171 0 251 171 0 251 171 0 250 170 0 250 170 0 250 169 0 248 168 0 249 168 0 247 169 0 
255 183 2 255 180 4 252 166 0 255 183 1 255 179 4 250 158 3 255 182 0 255 178 6 243 150 5 
250 178 0 251 180 0 255 182 0 251 180 0 253 180 0 255 182 0 251 180 0 254 181 0 255 183 1 
255 181 1 255 182 0 249 182 3 255 182 0 255 183 0 251 183 0 255 183 0 255 183 0 252 182 0 
251 192 0 248 190 1 248 188 4 251 192 0 249 191 1 249 190 4 250 193 0 250 193 0 250 190 0 
252 166 0 247 157 3 230 134 10 254 165 0 250 159 0 237 142 8 251 166 0 251 162 0 244 150 7 
249 164 2 251 164 0 249 163 0 248 164 4 250 165 1 248 163 0 250 166 6 250 165 1 248 164 0 
248 150 12 204 104 0 166 73 0 248 152 8 212 114 2 170 78 0 250 156 7 224 126 8 179 86 1 
249 167 2 252 163 5 252 162 1 249 168 1 252 164 4 251 160 1 250 169 0 252 164 4 252 161 2 
254 181 0 254 181 0 254 181 0 254 181 0 254 181 0 253 180 0 255 181 0 255 182 0 253 180 0 
248 170 0 247 169 0 248 167 0 248 172 0 248 170 0 248 167 0 250 175 0 249 171 0 246 168 0 
248 167 0 250 166 0 250 167 0 250 170 0 250 170 0 250 170 0 252 175 2 252 175 2 254 175 2 
253 183 0 252 185 0 252 185 0 253 183 0 251 184 0 251 184 0 253 184 0 251 184 0 251 184 0 
252 187 0 252 185 0 252 185 0 254 184 0 254 184 1 254 183 2 254 184 0 254 184 0 254 184 1 
255 184 0 255 185 1 255 185 1 255 184 0 255 185 1 254 184 0 255 184 0 255 184 0 254 184 0 
246 191 4 246 191 4 248 191 5 253 191 0 251 190 2 251 189 5 251 192 0 251 191 1 251 190 2 
252 193 0 255 192 4 255 190 5 253 194 1 251 192 0 251 192 0 253 194 1 251 192 0 251 192 0 
254 193 0 253 192 0 254 193 0 254 193 0 254 193 0 254 193 0 255 194 0 255 194 0 255 194 0 
252 189 0 253 189 1 255 188 3 252 192 0 252 190 0 255 187 4 250 190 0 250 189 1 252 189 1 
255 193 1 254 192 0 253 191 0 254 192 0 254 192 0 254 192 0 254 192 0 254 192 0 254 192 0 
253 192 0 254 194 0 249 191 0 252 194 0 251 193 0 251 193 0 253 195 0 250 191 0 254 196 1 
240 192 2 255 194 0 255 195 1 241 192 0 255 194 0 255 195 1 248 191 0 255 194 0 255 195 1 
253 189 0 253 189 0 253 190 0 255 191 0 255 190 0 255 190 0 255 190 0 255 190 0 253 190 0 
250 191 0 250 188 0 247 184 0 252 190 0 251 189 0 249 185 0 253 189 0 253 189 0 253 186 0 
253 190 2 249 188 0 246 185 0 253 190 2 248 188 0 246 185 0 253 190 2 249 189 0 246 186 0 
250 183 0 251 184 0 252 185 0 251 184 0 251 184 0 252 185 0 252 185 0 252 185 0 252 185 0 
255 186 3 254 188 0 251 188 0 254 187 2 252 188 0 249 187 0 252 189 0 252 190 0 251 188 0 
253 189 1 255 189 0 252 190 0 252 189 1 252 188 3 252 190 0 250 189 1 248 187 7 252 190 0 
251 188 0 251 188 0 251 188 0 252 187 2 252 188 0 252 188 0 252 187 2 252 187 2 252 187 2 
253 174 1 250 173 0 250 173 0 252 173 0 252 173 0 252 171 2 251 172 0 251 172 0 251 170 1 
253 192 0 252 191 0 252 190 0 253 192 0 253 192 0 252 190 0 253 189 0 252 188 0 253 188 3 
254 188 0 251 187 3 252 187 2 254 188 0 252 186 3 254 184 6 252 188 0 252 186 3 254 184 7 
253 189 0 255 190 0 255 190 0 253 189 0 253 189 0 253 189 0 253 189 0 253 189 0 253 189 0 
253 189 0 253 189 0 253 189 0 253 189 0 253 189 0 253 189 0 253 189 0 253 189 0 253 189 0 
250 174 1 251 174 1 251 174 1 251 174 1 251 174 1 251 174 1 251 174 1 251 174 1 251 174 1 
251 174 1 251 175 0 253 177 0 251 175 0 251 175 0 253 178 0 251 175 0 251 176 0 253 178 0 
255 170 10 248 155 10 231 137 7 255 174 0 255 170 4 255 171 11 251 175 0 249 170 0 253 172 0 
230 168 30 255 193 15 252 195 2 238 175 25 255 195 9 252 194 0 249 184 22 255 196 6 250 193 0 
253 183 0 251 183 0 253 183 0 253 183 0 253 183 0 252 181 0 252 182 0 253 183 0 252 181 0 
252 181 0 252 181 0 251 179 1 251 180 0 251 179 1 250 178 0 251 180 0 251 179 1 250 177 1 
251 175 0 252 176 0 251 179 1 251 175 0 252 176 0 251 178 2 251 175 0 255 176 1 251 178 2 
249 181 0 250 180 2 253 180 0 249 182 0 249 179 1 253 177 0 249 181 0 251 179 1 254 178 1 
254 182 4 254 184 0 254 186 0 252 183 2 252 185 0 252 186 0 252 184 1 252 185 0 252 185 0 
249 185 0 247 183 0 252 188 0 249 185 1 248 184 0 248 184 0 251 183 0 251 185 3 247 181 2 
251 184 0 251 184 0 253 183 0 251 184 0 251 184 0 253 183 0 251 184 0 253 183 0 253 183 0 
251 179 1 250 177 1 251 176 0 251 179 1 250 177 1 252 177 1 251 179 1 251 179 1 253 179 1 
251 187 0 252 184 1 251 182 1 251 186 1 251 183 0 250 181 0 250 185 0 251 183 0 250 181 0 
250 177 1 253 177 1 253 179 1 250 177 1 253 177 1 251 180 0 251 178 2 254 178 2 252 182 0 
253 186 1 253 186 1 252 184 1 253 186 1 253 186 1 252 184 1 253 186 1 252 185 0 251 183 0 
252 188 0 252 188 0 251 187 0 252 188 0 252 188 0 251 187 0 252 187 2 252 188 0 250 186 0 
251 187 3 251 185 6 254 185 4 252 186 3 252 185 6 254 187 2 253 187 5 252 186 4 254 187 0 
253 189 1 252 188 0 252 188 0 253 189 1 252 188 0 251 187 0 253 189 1 252 188 0 252 188 0 
252 188 0 251 187 0 251 186 1 252 188 0 251 187 0 251 186 1 252 188 0 252 188 0 251 187 0 
255 193 8 252 188 4 247 186 0 255 193 0 250 190 0 247 186 0 255 195 0 248 193 0 248 188 0 
249 177 0 249 176 0 250 177 3 249 176 0 251 176 0 252 176 3 251 175 2 251 175 2 251 173 2 
231 133 3 229 131 1 226 128 0 231 133 3 229 131 1 224 128 0 229 131 1 228 130 0 225 129 0 
230 127 0 228 127 0 227 125 0 229 128 0 228 126 0 226 126 0 226 127 0 225 125 0 224 124 0 
221 128 1 219 126 0 218 125 0 219 126 0 217 124 0 217 124 0 218 127 0 217 126 0 218 126 1 
224 129 0 220 129 0 218 130 0 228 130 0 222 129 0 216 128 0 229 131 1 223 129 0 218 127 0 
221 132 4 219 131 1 220 129 0 220 132 2 221 131 0 221 131 0 220 129 0 220 130 0 220 130 0 
250 148 0 250 147 0 250 147 0 254 151 0 252 149 0 252 147 0 252 149 0 251 148 0 250 147 0 
246 153 0 249 153 0 249 153 0 245 152 0 249 153 0 250 154 0 250 154 0 251 155 1 251 155 1 
247 153 0 247 153 0 247 153 0 246 152 0 247 153 0 248 154 1 249 153 0 250 154 1 250 154 1 
251 149 0 251 148 1 247 146 0 250 148 0 250 148 0 248 147 1 251 149 0 251 149 0 246 145 0 
250 145 2 250 143 0 247 142 0 249 144 1 250 143 0 247 143 0 248 143 0 248 143 0 248 144 1 
248 139 1 246 137 0 244 135 0 246 137 0 247 138 0 248 139 1 248 139 1 247 138 0 247 138 0 
249 141 0 249 140 2 246 139 1 249 141 0 248 141 3 247 140 2 247 141 0 247 141 0 247 140 2 
252 144 2 252 142 0 251 140 0 250 142 0 250 142 0 251 140 0 249 141 0 250 142 0 252 141 1 
249 141 0 249 141 0 249 141 0 250 142 0 250 142 0 250 142 0 249 141 0 250 142 0 252 142 0 
246 140 0 249 141 0 253 141 0 246 140 0 249 141 0 253 141 0 247 141 0 249 141 0 251 142 0 
249 138 0 250 139 1 251 140 2 234 136 0 240 139 1 245 139 2 237 136 0 242 137 0 245 137 1 
246 137 0 246 136 0 247 137 1 244 137 0 241 133 0 241 135 0 242 139 0 237 133 0 237 133 0 
247 141 0 248 142 1 246 140 0 250 142 1 250 142 1 249 141 0 251 140 0 251 140 0 249 138 0 
237 133 2 239 138 6 233 134 0 239 134 1 241 138 5 236 137 0 240 135 0 239 136 3 236 137 0 
251 143 1 250 142 0 249 141 0 250 142 0 250 142 0 249 141 0 248 143 0 250 142 0 249 141 0 
207 120 0 204 117 0 205 119 0 206 120 0 205 118 0 206 120 0 208 122 0 207 121 0 208 121 1 
226 133 0 224 133 0 223 132 1 225 135 0 225 134 1 225 134 1 225 135 0 225 135 0 225 134 1 
219 134 0 221 135 0 221 136 0 220 136 0 219 134 0 221 134 0 218 137 0 219 135 0 219 134 2 
229 138 0 230 139 1 228 137 0 230 139 1 227 136 0 228 137 0 230 139 1 227 136 0 228 137 0 
217 124 1 215 122 0 215 125 1 218 125 2 218 125 2 215 125 1 218 125 2 216 126 2 214 124 0 
218 131 0 221 133 2 222 134 4 218 133 0 214 131 0 216 133 4 221 132 0 221 130 0 223 134 0 
211 121 2 211 121 2 209 119 1 198 119 2 201 120 5 196 114 3 199 121 14 183 109 7 163 92 0 
209 114 0 206 116 0 204 116 0 205 116 2 199 115 0 200 119 0 196 115 4 193 115 2 199 120 3 
204 115 1 200 109 0 205 114 5 207 116 1 203 111 0 209 117 4 209 116 0 209 115 0 210 117 0 
219 123 6 214 118 4 206 123 0 218 117 1 215 116 2 198 117 2 213 117 0 213 118 1 202 119 4 
215 106 1 226 107 0 220 105 0 214 106 4 220 108 2 217 106 2 214 106 4 210 108 2 209 106 3 
218 110 2 217 109 1 216 107 1 217 109 1 216 108 0 215 106 0 217 109 1 216 108 0 217 107 1 
220 112 1 218 110 0 217 110 0 221 110 0 218 110 0 218 110 0 220 109 0 219 108 0 218 110 0 
228 107 3 220 108 2 217 112 3 226 105 1 220 105 0 216 108 0 225 111 0 223 111 0 219 109 0 
221 110 0 221 110 0 219 111 0 223 110 0 223 110 0 220 109 0 227 112 1 225 112 2 223 110 0 
223 113 1 223 113 1 220 112 0 227 112 2 224 111 1 223 111 0 227 110 1 226 109 0 225 110 0 
219 113 0 220 113 0 219 112 0 219 113 0 219 113 0 219 113 0 218 112 0 219 113 0 219 113 0 
222 108 1 222 108 1 219 108 0 223 109 2 219 107 1 218 106 0 219 107 1 219 107 1 216 106 0 
212 105 0 205 100 0 182 93 5 210 105 0 206 100 0 195 100 7 206 105 0 204 102 0 197 101 8 
219 108 0 218 107 0 218 106 0 209 106 0 208 107 0 208 105 0 205 104 0 202 101 0 203 102 3 
241 131 1 240 130 0 239 129 1 241 133 2 239 131 0 236 130 0 238 132 1 235 131 0 233 129 0 
242 134 0 244 136 1 242 134 0 244 134 0 244 136 1 242 134 0 245 135 0 244 136 1 242 134 0 
235 131 0 235 131 0 232 131 0 237 131 0 236 132 1 235 131 0 239 131 0 240 132 1 237 131 0 
239 129 0 238 130 0 236 130 0 237 131 0 236 130 0 235 131 2 237 131 0 235 131 0 233 132 0 
242 135 0 242 135 0 242 135 0 243 135 0 242 134 0 243 135 0 246 135 1 243 135 0 243 135 0 
241 133 0 242 131 0 242 131 0 245 134 0 243 132 0 243 132 0 244 133 0 243 132 0 244 133 0 
252 156 2 251 156 0 250 155 0 251 155 1 250 155 0 249 154 0 251 155 1 251 155 1 251 155 1 
250 159 1 249 158 0 247 156 0 251 160 2 249 158 0 248 157 0 250 159 0 251 160 2 251 160 2 
226 126 0 212 119 2 185 104 0 223 126 0 210 120 2 186 105 0 220 126 0 210 120 2 188 107 2 
218 126 1 204 118 4 177 101 1 220 127 0 207 119 5 178 102 2 220 127 0 208 119 4 181 103 2 
255 154 1 255 156 2 254 154 0 255 158 0 255 159 1 255 159 1 254 160 0 251 158 0 253 159 0 
250 157 0 248 156 0 250 159 0 251 155 7 250 154 6 252 160 0 250 157 2 248 155 0 250 156 0 
254 160 1 255 159 1 255 159 0 255 157 0 255 158 0 255 158 0 253 154 0 254 155 0 254 155 0 
251 157 0 254 154 0 254 154 0 246 158 0 252 156 3 251 155 2 247 159 0 248 155 0 251 158 3 
255 160 0 253 157 0 250 159 0 255 161 0 255 159 0 248 159 0 255 164 0 253 162 0 251 162 0 
246 139 1 246 139 1 246 139 1 250 139 1 250 138 2 249 139 3 253 140 0 253 139 2 251 139 3 
250 139 1 253 141 0 254 142 0 248 138 2 250 139 0 251 140 0 247 138 0 249 138 0 253 140 0 
251 141 5 249 138 6 251 139 3 250 141 3 250 140 4 254 139 0 250 140 0 253 141 0 255 141 0 
225 134 19 229 134 17 226 131 11 169 100 30 173 101 24 172 98 16 149 99 63 156 101 58 156 95 45 
248 138 2 244 133 0 243 132 0 249 137 1 246 133 0 245 132 0 244 136 1 244 136 1 245 137 2 
225 131 1 223 132 0 223 133 0 225 131 1 223 132 1 222 131 0 223 132 1 222 131 0 221 130 0 
238 135 2 236 135 2 235 134 2 235 134 1 235 134 2 233 133 1 232 133 0 232 132 0 230 132 0 
239 132 0 241 134 0 239 134 0 233 134 0 233 134 0 230 133 0 233 132 0 232 133 0 232 133 0 
224 134 0 224 134 0 224 134 0 223 135 0 224 136 0 224 134 0 224 136 0 224 136 0 224 136 0 
221 131 0 222 133 0 223 132 1 223 132 1 220 132 1 223 131 2 225 131 1 219 131 1 222 132 1 
253 175 0 255 175 0 255 175 0 255 174 3 255 174 0 255 176 0 255 172 3 255 173 2 255 179 2 
255 195 40 255 185 24 255 194 40 252 187 25 252 177 21 254 186 33 252 186 27 255 183 27 243 178 20 
244 195 27 240 189 15 251 192 16 248 200 74 240 188 51 252 192 44 244 195 57 255 201 60 255 205 57 
254 178 1 249 171 0 251 171 6 255 176 0 254 172 0 254 175 8 255 174 0 249 172 0 245 173 2 
252 178 0 255 182 4 250 178 0 252 180 2 254 182 4 252 181 0 253 183 6 255 197 19 249 179 1 
221 151 4 225 151 3 228 148 0 223 151 3 228 152 2 229 149 0 221 150 0 226 150 0 229 149 0 
212 145 0 207 144 0 207 148 2 209 141 6 206 141 3 207 146 2 209 141 10 206 141 8 209 148 8 
211 151 8 214 153 13 212 152 16 216 155 11 224 162 20 219 158 18 225 159 16 232 168 26 226 163 19 
218 154 0 219 155 1 216 152 0 221 157 3 224 159 7 224 160 6 230 162 9 234 166 13 239 173 18 
220 156 1 220 156 1 221 155 0 220 156 1 224 158 3 224 158 3 222 156 1 224 158 3 225 158 3 
187 97 2 189 98 0 190 99 0 185 95 0 185 96 0 188 97 0 184 97 1 185 96 0 185 96 0 
187 95 0 184 94 0 183 93 0 185 95 0 183 95 1 184 94 0 186 96 1 184 96 2 183 93 0 
184 94 0 183 93 0 186 96 1 184 94 0 183 93 0 186 96 1 181 94 0 182 92 0 186 96 1 
188 100 0 188 100 0 187 99 0 190 100 0 189 99 0 192 100 0 192 102 1 192 102 1 192 102 1 
193 101 0 193 101 0 195 102 0 198 100 0 199 101 0 201 102 0 202 102 0 201 101 0 200 101 0 
253 159 0 251 159 0 250 159 1 253 159 0 251 159 0 250 159 1 252 158 0 250 159 0 249 158 0 
255 155 1 255 154 0 255 153 0 254 154 0 255 154 3 255 153 2 252 154 0 255 154 3 255 153 2 
253 153 0 253 153 0 253 153 0 253 153 0 253 153 0 255 155 1 251 151 0 252 152 0 253 153 0 
250 154 0 249 153 0 251 153 0 253 154 2 253 153 0 253 153 0 254 152 3 253 151 2 254 153 1 
254 157 0 254 157 0 251 156 0 252 155 0 252 155 0 252 155 0 252 155 0 251 154 0 252 155 0 
249 140 2 253 142 2 255 144 4 254 143 3 254 143 5 255 145 7 255 146 0 252 145 0 251 146 3 
249 142 0 250 143 0 250 143 0 247 143 0 251 144 0 252 145 0 249 145 0 252 148 1 252 147 2 
255 148 0 254 148 0 251 147 0 252 149 0 251 148 0 254 151 2 252 149 0 250 147 0 252 149 0 
253 146 1 254 147 2 253 146 1 251 144 0 252 145 0 252 145 0 250 143 0 250 143 0 250 143 0 
251 147 0 250 146 0 251 147 0 250 146 0 248 144 0 249 145 0 250 146 0 249 145 0 250 146 0 
248 155 0 248 155 0 251 156 0 247 154 0 247 154 0 252 157 0 249 154 0 250 155 0 254 159 2 
255 164 5 254 164 3 246 161 0 255 161 7 252 163 0 248 166 0 255 166 1 252 163 0 250 166 0 
251 160 1 253 162 1 253 162 0 249 161 1 251 161 0 252 163 0 252 162 1 249 161 0 252 163 0 
253 156 0 253 156 0 254 157 0 253 157 0 255 159 0 255 158 2 255 158 0 255 161 1 255 160 2 
253 153 0 252 153 0 253 155 0 254 154 0 255 157 0 255 158 0 255 155 0 255 160 0 255 162 0 
254 151 0 254 152 3 252 152 4 252 151 0 252 151 0 251 151 2 251 152 0 253 152 0 253 152 0 
243 168 0 242 167 0 242 167 0 242 164 0 243 165 0 245 167 0 242 164 0 242 164 0 245 167 1 
234 162 1 235 163 2 234 160 0 230 160 0 233 161 0 228 156 0 230 160 0 232 162 1 226 156 0 
248 162 2 248 160 0 255 165 4 247 159 0 250 161 0 253 164 0 248 159 0 252 161 0 252 161 0 
244 149 0 243 149 0 236 149 0 244 149 0 242 150 1 239 152 2 239 153 1 243 152 1 245 152 0 
247 153 0 247 154 1 250 157 0 248 153 3 248 155 2 249 157 0 249 154 4 250 157 2 249 157 0 
255 153 4 254 153 1 255 155 0 254 153 1 252 152 0 251 151 0 246 153 0 249 156 1 249 153 0 
250 158 0 249 156 0 248 154 1 250 159 0 250 158 0 249 156 0 253 159 0 254 160 1 252 158 0 
255 159 0 248 152 0 248 152 0 240 147 2 240 154 18 231 147 11 196 119 16 169 111 6 174 115 12 
251 157 0 251 159 0 250 157 0 253 158 0 254 158 0 251 157 0 251 153 0 253 156 0 252 155 0 
255 156 2 254 154 0 254 154 0 255 159 1 255 159 1 254 157 0 251 158 0 253 159 0 254 160 1 
246 159 1 220 130 5 175 90 0 252 163 0 232 142 11 175 89 0 253 164 0 238 147 16 175 87 0 
254 139 0 255 137 0 251 140 6 253 139 2 255 139 2 254 140 3 254 139 4 255 140 3 255 140 0 
246 138 3 248 139 1 248 139 1 247 138 6 251 139 3 251 139 3 249 138 6 251 139 3 253 138 3 
254 142 0 254 139 0 250 137 0 249 138 0 250 137 0 248 135 0 253 140 0 254 139 0 251 136 0 
230 136 0 221 130 0 202 116 2 231 134 0 223 130 3 202 113 3 232 134 4 219 132 6 197 111 5 
251 155 1 250 154 0 250 154 0 251 155 1 250 154 0 250 154 0 251 155 1 251 155 1 251 155 1 
253 152 0 252 152 0 252 151 0 253 155 0 253 153 0 251 151 3 253 154 0 251 154 0 251 151 3 
247 152 0 255 149 1 251 148 0 247 151 0 254 151 0 251 152 0 252 149 2 251 150 0 252 155 5 
250 157 0 251 158 1 251 158 1 250 157 0 250 157 0 250 157 0 249 156 0 249 156 0 251 156 0 
251 156 0 251 156 0 252 157 0 253 156 0 254 157 0 254 157 0 253 156 0 253 156 0 253 156 0 
190 119 0 191 121 0 197 126 0 182 117 2 188 122 3 198 125 4 182 118 0 189 123 4 197 124 3 
178 124 0 183 125 0 190 125 0 181 121 0 183 120 0 187 118 0 180 117 3 183 115 2 186 115 1 
250 139 1 250 139 1 251 136 1 252 138 1 251 136 1 251 136 1 252 136 0 253 136 1 254 137 2 
253 133 0 253 135 0 253 135 0 255 135 0 255 136 0 255 134 0 253 135 2 252 134 1 252 134 1 
252 132 3 252 131 5 253 132 6 252 133 0 254 133 0 255 133 3 252 136 0 251 135 0 253 135 0 
249 150 0 252 149 0 251 148 0 249 150 0 252 149 0 252 149 0 252 150 0 255 148 3 255 146 1 
251 148 1 251 149 0 251 149 0 251 147 4 250 146 3 249 145 2 252 144 3 252 144 3 251 143 2 
252 145 0 254 147 2 254 147 2 251 144 0 253 146 1 251 144 0 253 147 0 254 148 1 252 146 0 
247 144 0 247 144 0 249 146 0 246 143 0 249 146 0 251 148 2 247 144 0 248 145 0 250 147 1 
253 148 0 254 148 0 251 147 0 254 148 0 255 148 0 255 147 0 254 147 0 255 148 0 255 147 0 
247 142 0 248 143 0 247 142 0 248 140 0 249 141 0 249 141 0 252 139 0 253 140 0 252 139 0 
243 137 0 244 138 1 242 138 1 239 138 0 238 139 1 234 136 0 225 132 0 220 130 0 212 126 0 
253 138 3 254 137 2 255 140 0 253 139 2 255 138 3 253 140 0 250 139 0 253 139 2 253 140 0 
254 144 2 253 143 1 252 142 0 254 144 2 252 142 0 251 141 0 252 142 0 251 141 0 251 141 0 
252 140 4 252 141 3 252 141 3 251 139 3 251 140 2 251 140 2 251 140 2 251 140 2 251 140 2 
254 163 2 255 164 3 255 169 5 252 160 1 252 160 1 253 163 2 252 160 1 251 159 0 252 161 0 
254 163 4 253 162 4 252 161 2 253 162 3 251 160 2 250 160 0 252 161 2 250 159 0 251 160 0 
255 162 2 254 161 0 252 160 1 255 162 2 255 160 0 252 160 1 254 160 0 255 161 1 253 161 2 
251 160 0 252 160 1 252 160 1 253 162 1 253 161 2 252 160 1 252 161 0 251 159 0 251 159 0 
251 156 0 252 155 0 251 154 0 252 158 0 251 157 0 248 154 0 253 158 1 254 157 0 252 155 0 
253 152 0 255 155 0 253 154 0 255 151 0 255 156 2 249 156 1 255 149 2 250 150 2 244 151 4 
254 154 0 254 153 1 253 152 0 253 153 0 253 152 0 253 152 0 253 152 0 253 152 0 253 152 0 
255 162 0 252 161 0 252 161 2 251 160 0 251 160 0 253 162 1 252 161 0 253 162 1 254 163 2 
250 157 0 250 157 0 253 158 1 255 157 3 255 156 4 253 157 4 250 157 2 250 157 2 250 157 2 
