88 192 85 86 190 83 86 190 83 88 192 85 86 190 83 86 190 83 88 193 84 87 192 83 86 191 82 
84 191 82 85 192 83 86 194 82 84 191 82 85 192 83 85 193 81 85 192 83 85 192 83 86 194 82 
96 192 85 93 192 84 93 192 84 95 194 86 92 193 85 92 193 85 93 194 86 92 194 86 91 193 85 
83 192 83 83 192 83 83 192 83 82 191 82 83 192 83 83 192 83 85 192 83 83 192 83 83 192 83 
95 195 83 95 195 83 93 195 83 96 196 84 96 195 85 93 195 84 97 196 86 97 196 86 94 196 85 
122 205 106 122 205 106 123 205 106 122 205 107 122 205 107 122 205 106 122 205 107 122 205 107 122 205 106 
127 210 107 127 210 107 128 211 108 127 210 107 127 210 107 128 211 108 127 210 107 127 210 107 127 210 107 
133 210 113 134 209 111 135 211 110 131 213 108 132 214 109 133 212 109 131 213 108 132 214 109 133 212 109 
126 210 105 125 209 104 126 209 106 127 205 111 126 206 113 126 206 113 128 210 111 123 206 108 124 207 109 
123 208 104 123 206 103 127 210 107 119 209 103 121 209 103 124 209 104 117 209 104 119 208 104 120 209 105 
130 209 106 130 209 106 130 209 106 132 208 106 130 209 106 129 210 107 130 209 106 128 209 106 128 209 106 
122 207 102 119 207 101 121 206 101 121 209 103 120 208 102 121 206 101 122 209 105 121 209 103 122 207 102 
131 209 108 132 211 108 132 211 108 132 210 109 133 212 109 132 211 108 132 210 109 133 211 110 133 212 109 
123 207 102 123 207 102 121 206 101 122 207 102 122 207 102 121 206 101 120 208 102 120 208 102 121 206 101 
121 206 102 121 206 102 120 205 101 119 206 102 119 206 102 119 206 102 119 206 102 119 206 102 118 205 101 
104 194 81 102 194 81 102 194 81 105 195 82 102 194 81 102 194 81 105 195 82 103 195 82 102 194 81 
98 196 82 98 196 82 98 196 82 101 196 85 99 197 85 99 197 85 104 196 85 103 197 86 103 197 86 
97 195 81 96 194 80 95 193 79 99 197 83 97 195 81 95 193 79 97 195 81 96 194 80 96 194 80 
89 193 80 84 192 80 85 193 81 89 193 78 86 191 80 87 192 81 89 194 77 89 193 78 90 194 79 
97 192 81 94 192 80 93 191 79 98 193 82 98 193 82 95 193 81 98 193 82 99 194 83 95 193 81 
88 195 86 89 196 87 89 196 87 89 196 87 90 197 88 90 197 88 90 197 88 90 197 88 89 196 87 
98 195 85 94 196 84 94 198 85 98 196 84 96 197 82 95 198 83 101 197 83 99 197 83 96 199 84 
96 194 88 96 195 87 94 196 85 98 193 89 96 195 87 94 196 84 101 194 89 98 194 87 96 195 85 
92 193 85 92 193 85 94 193 85 92 193 85 92 193 85 94 193 85 91 193 85 92 193 85 92 193 85 
85 193 80 86 194 82 86 194 82 85 193 81 86 194 82 86 194 82 85 193 81 86 194 82 85 192 83 
80 190 78 79 192 78 78 192 74 83 194 78 80 194 77 77 192 75 84 196 78 80 195 78 76 193 78 
96 197 82 96 197 82 94 197 82 97 198 83 96 197 82 94 197 82 97 198 83 96 197 82 96 197 82 
114 200 88 108 196 83 109 197 83 113 198 84 112 197 83 112 199 85 111 199 85 109 197 83 106 197 82 
96 194 80 96 194 80 96 194 80 96 194 80 98 196 82 98 196 82 99 197 83 99 197 83 99 197 83 
110 198 85 109 199 86 109 199 86 110 198 85 109 199 86 109 198 88 111 199 86 110 199 89 109 198 89 
128 211 109 126 209 107 127 212 104 128 212 110 126 210 108 126 210 105 128 213 109 127 212 108 126 209 106 
137 218 115 136 222 112 133 219 109 139 219 112 135 221 111 134 220 110 139 221 109 135 221 111 134 220 110 
132 217 112 130 215 110 128 216 110 130 215 110 129 214 109 128 216 110 126 214 108 126 215 106 128 217 107 
130 213 110 130 213 110 129 212 109 129 214 109 129 214 110 128 213 109 129 214 109 129 214 109 128 213 108 
132 220 114 132 220 114 130 218 112 133 218 113 133 218 113 132 217 112 133 218 113 132 217 112 132 217 112 
146 217 100 148 217 102 147 216 101 146 217 100 149 217 100 150 218 101 146 217 100 150 218 99 150 218 99 
145 216 99 143 217 99 144 218 100 144 218 98 144 218 98 145 219 99 148 219 99 147 218 98 146 216 99 
159 216 101 156 215 100 152 215 99 157 217 99 156 217 99 150 216 97 157 218 100 154 218 99 149 217 98 
140 216 104 139 214 106 140 215 99 141 217 106 140 215 107 139 214 98 143 216 106 141 213 106 139 214 98 
147 216 102 145 215 101 144 214 100 147 216 102 145 214 100 144 215 99 146 215 101 145 214 100 144 215 99 
145 214 99 145 214 99 146 215 100 144 215 99 145 216 100 145 216 100 145 216 100 146 217 101 146 217 101 
147 216 102 145 214 99 145 214 99 146 215 101 146 215 100 146 215 100 147 215 104 146 217 101 146 217 101 
150 217 102 151 218 103 148 217 103 150 218 101 152 219 104 148 217 103 150 218 101 152 219 104 148 217 103 
148 217 103 147 216 105 147 216 105 148 217 103 146 214 103 146 213 104 150 218 101 147 216 101 145 214 100 
167 219 106 157 213 100 152 215 99 162 219 104 154 215 97 151 216 100 158 219 101 151 215 95 151 216 101 
149 215 102 148 214 101 145 212 97 148 215 100 147 213 100 147 210 100 149 216 101 147 214 99 150 212 104 
148 215 100 148 216 99 145 216 96 148 215 100 146 215 100 146 216 99 148 216 99 146 215 100 145 214 99 
142 212 98 141 212 96 142 213 96 141 213 99 142 213 97 142 213 96 142 214 100 141 214 98 142 213 97 
125 214 110 125 213 107 126 212 104 128 213 108 126 211 106 125 211 103 128 213 108 127 212 107 125 211 103 
129 214 110 130 214 112 131 215 113 129 214 110 130 215 111 131 216 111 128 213 108 127 215 109 128 216 110 
155 218 108 155 219 106 158 222 109 155 218 108 157 221 108 160 224 111 154 217 107 151 215 102 155 217 104 
155 217 109 155 217 109 155 217 109 155 217 109 155 217 109 157 219 111 155 217 109 156 218 110 157 219 111 
154 219 110 154 219 110 153 219 108 155 220 111 155 220 111 153 219 108 157 219 111 157 219 111 154 219 110 
158 220 107 156 218 105 155 217 104 157 219 106 157 219 106 156 218 105 157 219 106 157 219 106 155 218 108 
155 217 109 155 217 109 154 216 108 155 217 109 155 217 109 155 217 109 155 217 109 155 217 109 155 217 109 
155 217 109 154 216 108 154 216 108 152 216 103 154 218 105 154 218 105 153 217 104 153 217 104 153 217 104 
154 216 108 154 216 108 152 214 106 155 217 109 155 217 109 153 215 107 157 217 109 157 217 109 156 216 108 
155 217 111 154 218 112 154 218 112 156 218 110 155 220 111 154 219 110 156 218 110 154 219 110 154 219 110 
151 217 106 151 217 106 154 217 107 155 218 108 154 217 107 154 217 107 155 218 108 155 218 108 156 219 109 
153 216 106 150 215 106 150 214 108 151 217 106 150 215 106 150 214 108 152 218 107 151 216 107 152 216 110 
156 219 115 154 218 112 153 218 109 157 219 113 157 219 113 156 218 112 157 219 111 157 219 111 157 219 111 
156 219 109 157 220 110 156 219 109 157 220 110 158 221 111 157 219 111 158 220 112 157 219 111 157 219 111 
159 217 116 159 218 114 156 218 112 159 218 114 157 218 114 156 218 112 159 218 114 156 217 113 156 218 112 
156 215 111 158 217 113 157 219 113 159 214 111 155 218 114 149 216 111 161 211 117 155 214 116 151 215 115 
155 217 109 155 219 113 156 219 115 158 217 112 156 218 112 157 219 113 157 216 111 156 218 110 157 219 111 
156 222 111 155 221 110 153 221 110 157 221 108 153 219 106 154 220 107 156 216 115 155 215 114 155 218 116 
86 194 82 86 194 82 86 194 82 85 193 81 85 193 81 86 194 82 85 192 83 85 193 81 86 194 82 
87 191 84 86 190 83 85 189 82 87 191 84 86 190 83 85 189 82 87 191 84 86 190 83 86 190 83 
86 191 80 86 191 80 86 192 79 86 191 82 86 191 80 86 191 80 83 190 81 85 190 79 85 190 79 
88 189 83 88 192 85 87 192 83 88 189 84 87 191 84 85 193 81 88 189 84 87 192 83 85 193 81 
99 192 83 94 189 84 95 192 88 106 192 90 101 190 86 98 191 86 111 191 98 111 198 94 106 197 88 
92 191 87 92 192 86 91 193 85 91 192 87 91 192 86 91 193 85 89 192 87 92 193 88 91 193 85 
81 191 85 79 189 83 81 190 82 81 189 83 81 190 82 81 190 81 86 190 83 84 190 83 82 191 82 
84 196 78 77 191 77 75 190 80 80 196 77 77 194 79 77 192 83 78 195 80 80 196 83 79 192 82 
94 192 86 94 190 89 94 190 89 96 195 87 94 194 88 92 191 87 98 197 87 95 197 86 92 194 83 
77 185 72 72 179 70 70 175 70 82 191 82 80 189 81 73 181 75 79 187 81 80 188 82 79 187 81 
97 195 81 95 196 81 92 195 80 98 196 82 95 196 81 92 195 80 99 197 83 97 198 83 93 196 81 
100 196 82 99 195 81 97 195 81 100 198 84 98 196 82 96 197 82 97 200 85 95 198 83 94 197 82 
93 195 83 92 194 82 92 196 81 93 195 83 93 195 83 93 195 83 94 193 83 95 194 84 97 197 85 
99 198 88 96 198 87 95 197 86 100 199 89 97 199 88 96 197 89 104 199 85 102 200 88 98 200 89 
91 192 76 89 190 74 89 193 76 87 194 78 87 194 78 87 194 78 87 194 78 87 194 78 87 194 78 
122 205 102 122 205 102 122 205 102 124 205 102 122 205 102 122 205 102 124 205 102 124 205 102 124 205 102 
127 208 105 128 209 106 125 208 105 128 209 106 128 209 106 128 209 106 128 209 106 128 209 106 128 209 106 
118 206 100 118 206 100 118 206 100 119 208 99 119 208 99 120 206 98 122 207 102 121 206 101 121 206 101 
120 205 101 120 205 101 120 205 101 120 205 101 120 205 101 120 205 101 121 206 102 120 205 101 120 205 101 
141 201 93 142 200 92 140 198 90 141 201 93 140 200 92 140 198 90 142 202 94 140 200 92 139 197 89 
161 209 103 160 209 101 156 205 97 159 208 102 159 208 102 156 205 99 156 206 98 156 206 98 153 205 97 
147 205 97 147 205 97 147 205 97 147 205 97 146 204 96 147 205 97 150 206 99 148 206 98 148 206 98 
150 205 96 148 204 97 148 205 100 155 202 99 155 202 99 156 203 100 157 204 101 154 203 99 154 203 97 
162 205 94 164 207 96 161 206 96 162 205 94 163 206 95 161 207 95 161 206 96 161 206 96 160 205 95 
147 210 100 145 208 98 143 206 96 146 209 99 145 208 98 143 207 94 143 209 98 142 208 97 142 208 95 
140 210 96 137 209 97 137 209 97 140 210 96 140 209 98 139 208 97 140 209 98 140 209 98 140 209 98 
145 209 96 144 208 95 142 208 95 146 209 99 144 207 97 141 207 94 147 210 100 145 208 98 141 207 96 
142 208 97 142 208 95 143 209 98 144 209 94 142 209 94 141 209 98 144 209 94 144 209 94 142 210 99 
177 215 109 172 218 106 166 218 101 170 212 101 163 212 96 161 215 96 166 213 97 160 212 94 156 212 93 
128 208 107 129 210 107 128 209 106 126 209 107 127 210 107 126 209 106 124 210 108 124 211 107 123 210 106 
120 207 103 122 207 103 121 206 102 121 208 104 123 208 104 122 205 102 121 208 104 123 208 104 123 206 103 
93 192 82 89 191 80 88 191 80 89 193 80 86 191 80 86 191 82 85 193 80 84 192 80 83 192 83 
100 198 84 98 196 82 96 197 82 97 200 85 95 198 83 94 197 82 95 199 84 95 199 84 95 198 83 
100 196 82 98 196 82 99 197 83 100 196 82 97 195 81 96 197 82 100 196 82 97 195 81 95 196 81 
66 137 17 63 140 19 49 134 12 69 143 25 62 141 20 56 140 16 62 140 23 60 140 19 55 139 13 
70 137 28 69 136 27 70 135 26 68 136 27 68 135 26 69 134 25 63 134 24 64 132 23 67 134 25 
71 141 27 69 140 24 66 137 20 77 146 25 72 141 20 67 139 15 79 146 19 73 140 13 71 138 11 
67 135 26 66 134 25 67 134 25 66 133 24 66 134 23 69 135 24 66 134 23 66 134 23 68 134 23 
73 136 13 72 137 14 69 137 12 67 136 15 68 137 16 72 142 18 64 135 18 64 135 18 65 137 17 
68 149 46 68 147 44 70 149 45 69 151 46 65 144 40 67 146 42 65 150 42 61 143 36 62 144 37 
77 152 44 76 151 47 75 150 46 75 150 44 75 149 47 73 149 48 75 150 46 73 149 48 72 150 49 
68 153 49 67 153 51 66 151 53 68 151 48 66 152 50 64 151 53 73 154 51 69 153 51 65 152 54 
102 157 58 89 155 53 84 157 54 90 152 52 83 155 49 80 157 53 79 152 52 73 153 46 72 157 49 
54 153 45 59 153 42 65 151 39 50 150 44 58 153 43 63 151 38 54 151 54 54 147 50 55 144 48 
63 132 18 62 131 17 66 134 23 67 136 21 64 133 18 64 133 19 69 139 22 67 137 20 65 134 19 
73 132 18 74 133 19 72 131 16 70 134 21 70 134 21 67 132 17 64 136 24 66 138 26 61 130 19 
59 134 26 59 134 26 59 135 27 61 134 24 60 136 25 60 135 27 64 135 25 64 136 24 62 134 22 
56 140 28 59 138 27 62 138 27 53 139 27 59 141 29 60 136 28 54 135 19 57 136 19 60 138 21 
72 133 29 70 131 27 66 129 27 71 133 25 71 133 27 68 131 29 69 135 24 70 134 28 66 130 30 
74 141 14 77 140 14 81 139 14 75 141 16 80 141 15 82 140 15 77 143 18 80 143 19 82 145 19 
69 135 22 71 137 24 79 131 31 68 137 23 68 137 23 83 138 35 64 136 22 61 136 21 71 132 28 
59 139 32 53 136 27 57 140 31 56 142 32 56 143 33 56 143 33 56 143 33 58 145 35 51 138 28 
57 131 37 61 134 42 58 131 39 58 129 36 62 133 40 59 129 38 59 129 36 60 130 37 63 130 39 
56 139 36 56 139 36 53 137 35 60 139 36 56 136 35 52 134 35 61 136 38 57 134 37 53 132 35 
83 187 86 80 189 87 78 190 90 81 189 90 80 189 91 78 189 91 81 189 93 81 189 93 78 188 94 
70 185 82 72 188 81 71 188 79 74 184 82 75 189 82 73 188 79 76 182 81 77 187 81 74 186 78 
77 185 89 78 185 89 77 184 88 78 186 90 81 188 92 82 186 91 80 187 94 86 190 97 85 189 96 
74 185 87 81 194 97 70 184 90 77 184 88 79 189 93 69 183 89 79 183 88 80 188 92 77 189 95 
87 186 84 86 185 83 86 187 82 87 186 88 85 187 86 86 188 86 83 183 87 84 184 88 86 187 89 
88 187 89 85 187 86 82 186 85 86 189 91 82 186 85 76 182 81 82 190 91 78 187 85 75 181 80 
88 184 83 92 186 85 92 187 83 87 186 84 90 186 85 92 187 83 90 186 86 88 184 83 89 184 80 
77 183 90 82 184 89 85 185 89 76 183 91 80 184 91 81 183 88 80 187 84 84 189 86 86 187 89 
86 186 90 85 185 90 81 181 86 83 185 90 82 182 92 76 180 85 77 184 88 80 184 91 79 185 84 
99 190 81 99 190 81 95 186 77 95 188 79 95 188 79 95 186 77 94 187 82 93 186 81 93 186 81 
70 171 55 72 173 57 74 175 59 72 173 57 76 175 59 76 175 59 75 176 60 77 176 60 75 174 58 
74 168 57 75 170 56 73 169 51 65 169 54 66 173 57 61 169 49 56 171 54 59 175 56 54 170 49 
83 171 57 79 170 53 80 174 56 81 172 57 78 169 54 78 172 54 82 172 59 75 168 53 76 169 54 
81 176 62 78 170 57 78 175 57 84 174 61 81 171 58 75 172 54 85 173 59 85 173 59 76 173 55 
85 170 62 84 171 61 79 171 60 83 172 62 80 172 61 79 171 60 78 173 58 74 169 54 76 172 54 
78 168 48 85 172 52 80 168 51 83 174 49 84 169 47 87 168 51 84 178 53 79 166 44 86 167 50 
77 172 58 83 171 57 79 168 51 76 171 57 81 172 57 79 168 51 73 171 59 79 172 57 79 170 55 
85 171 59 90 172 59 96 174 59 82 174 61 86 174 61 90 175 61 80 176 62 82 177 63 84 176 63 
62 167 62 66 167 62 68 170 51 66 171 60 64 169 58 66 171 54 67 174 57 62 170 50 60 171 55 
85 174 64 86 175 65 85 176 67 81 175 64 83 177 66 84 178 67 78 176 62 79 177 65 80 178 66 
40 39 159 40 39 159 42 41 161 40 39 159 39 39 157 38 38 156 43 42 162 42 42 160 37 37 155 
68 139 36 72 141 38 70 138 37 66 140 34 70 142 36 65 136 33 65 141 30 69 142 32 66 138 31 
57 145 45 57 145 45 58 144 44 60 146 44 59 145 43 60 144 42 62 147 42 60 144 39 60 141 38 
73 139 37 64 137 34 64 137 34 71 139 38 60 133 30 64 137 35 67 137 37 62 137 33 65 139 37 
64 141 37 59 135 33 62 135 35 68 142 40 63 137 35 63 136 36 69 142 40 65 138 36 65 137 37 
76 137 33 74 135 37 74 138 43 77 135 40 73 132 41 74 136 46 73 136 40 70 133 41 71 135 45 
85 171 53 83 166 50 89 171 59 88 165 54 94 173 64 94 174 67 91 168 57 92 171 62 92 172 65 
80 165 57 78 164 56 78 164 62 77 167 61 73 165 59 74 164 65 75 169 62 70 165 60 75 165 70 
78 161 62 82 163 54 83 165 53 77 161 59 84 160 52 84 163 54 78 163 59 83 158 54 85 160 56 
92 164 58 99 168 65 98 162 62 92 163 60 94 163 60 93 159 58 90 163 60 90 160 59 88 158 57 
74 157 55 73 159 57 67 158 55 74 156 57 73 158 60 69 156 58 77 158 61 71 154 56 74 159 61 
47 141 200 47 141 200 41 138 196 44 140 200 48 142 201 45 139 198 43 139 199 48 141 202 45 139 198 
48 145 208 47 145 205 46 146 205 47 143 203 43 141 201 42 144 203 46 142 202 42 140 200 40 142 201 
49 142 205 46 141 204 44 141 204 49 142 205 49 144 207 48 145 208 49 147 207 45 145 204 40 142 201 
27 141 201 22 140 199 21 138 199 29 143 203 22 139 200 20 140 200 33 139 200 32 138 199 25 137 197 
23 133 193 15 127 187 15 125 185 22 132 192 11 125 185 14 126 186 19 131 191 12 128 187 13 127 187 
101 184 82 97 180 78 98 182 77 101 184 82 99 182 80 103 184 81 103 183 82 102 185 83 105 186 83 
114 186 79 115 187 81 113 187 81 115 188 78 114 187 77 112 188 77 112 186 74 110 186 75 110 187 76 
105 184 87 109 186 88 110 186 85 109 186 88 105 183 82 108 184 82 110 189 86 107 183 81 109 185 83 
117 191 85 113 191 84 112 190 83 113 188 80 112 188 80 108 184 76 114 186 79 112 187 79 108 183 75 
109 181 69 109 183 71 108 186 73 108 180 66 108 183 68 108 185 70 105 179 67 107 181 69 106 182 70 
84 183 44 85 187 46 90 185 51 81 183 41 83 186 41 87 187 51 84 186 44 85 188 43 82 186 49 
87 185 61 86 184 60 86 186 61 86 183 57 86 185 59 86 185 59 88 183 55 93 188 60 87 184 56 
88 188 63 84 184 59 86 185 59 90 189 63 89 188 62 87 186 60 92 189 61 92 189 61 91 188 60 
105 196 69 97 188 61 96 187 60 102 194 65 98 190 61 95 188 59 97 190 61 98 191 62 92 188 57 
95 186 61 91 185 60 89 183 58 91 184 56 90 185 57 87 184 56 86 180 61 85 182 62 84 181 61 
83 185 53 83 185 50 88 187 53 88 187 53 91 190 56 91 188 54 83 182 43 91 190 51 92 187 52 
83 180 52 83 182 56 82 180 56 74 178 55 75 178 57 73 176 55 72 173 65 71 172 64 71 174 63 
87 177 54 87 177 54 93 182 62 86 177 60 84 175 58 85 176 61 69 169 50 74 174 54 85 182 64 
79 179 53 81 183 58 80 184 61 79 181 50 82 182 52 84 184 55 78 180 49 81 182 50 83 184 52 
148 209 113 141 205 106 138 202 102 159 222 126 143 207 108 139 205 104 161 225 126 143 208 109 137 205 104 
121 194 91 121 194 91 122 195 92 116 192 91 117 190 90 118 191 91 112 190 89 114 190 89 116 192 91 
112 193 96 109 190 97 107 190 98 111 194 92 111 194 96 110 194 99 112 194 89 113 196 94 114 197 98 
111 189 88 113 191 90 115 193 92 115 191 90 115 191 90 113 191 90 123 195 95 119 191 91 120 193 93 
132 192 92 127 188 90 125 189 93 129 191 91 127 191 92 124 191 94 129 192 88 124 191 86 122 193 90 
124 189 90 125 194 91 121 193 86 124 190 88 123 192 87 123 195 89 125 193 86 122 193 83 123 195 88 
120 194 106 118 194 106 111 190 99 124 194 103 122 195 103 111 188 96 119 190 94 118 192 96 114 191 94 
126 192 90 125 194 91 125 196 93 125 193 92 122 192 91 122 195 93 123 193 93 120 192 92 120 193 93 
114 191 94 115 190 98 116 192 91 135 190 91 129 190 86 125 191 85 123 187 87 122 188 86 125 193 86 
116 190 94 116 193 96 119 196 99 118 193 95 118 193 95 118 193 95 119 193 91 118 192 90 118 192 90 
117 192 88 120 195 89 117 195 88 113 192 83 117 196 85 112 194 81 110 189 80 113 195 83 115 201 83 
160 208 119 157 206 114 154 205 108 159 206 113 159 206 113 154 202 106 157 205 109 155 203 107 154 201 103 
184 223 143 184 223 143 187 228 143 186 223 143 190 229 149 188 229 144 181 220 140 167 207 125 165 206 121 
162 204 109 177 215 127 199 233 149 164 205 108 173 211 121 200 235 149 166 207 109 174 211 119 201 236 150 
158 207 109 151 199 103 170 217 124 163 208 111 157 201 106 153 197 104 160 201 104 157 198 101 154 194 99 
167 199 120 171 206 116 161 208 116 165 202 116 163 200 106 156 202 119 169 210 118 167 209 108 154 202 120 
164 216 102 163 213 113 162 210 108 162 212 104 160 210 108 161 210 106 161 208 110 161 210 106 152 201 97 
152 205 102 151 204 101 150 203 100 148 201 98 144 197 94 146 200 100 147 198 100 146 197 99 141 195 96 
151 204 100 148 201 97 148 200 93 147 203 98 146 200 93 147 201 94 148 201 97 148 201 97 151 204 101 
172 218 122 166 213 121 156 204 115 167 214 115 158 207 109 152 200 104 159 207 105 151 201 101 151 201 101 
154 204 104 146 198 104 146 199 106 151 201 99 148 200 106 147 199 105 150 200 98 155 206 109 151 202 105 
106 173 82 107 171 81 107 171 82 106 170 81 109 170 82 110 170 82 106 170 81 110 171 83 111 171 83 
115 181 86 115 183 88 112 183 87 114 180 85 115 183 88 110 181 85 112 180 85 110 180 87 108 179 86 
111 172 86 105 168 82 104 169 84 109 170 80 107 169 79 105 169 80 110 171 80 110 171 80 108 171 79 
94 159 74 93 160 75 93 161 74 97 162 77 99 164 79 96 164 77 100 162 80 104 166 82 101 166 80 
95 165 75 101 168 77 105 168 76 93 164 77 98 166 77 103 167 77 93 164 78 96 165 78 100 166 77 
68 176 77 68 175 79 74 174 84 84 174 78 87 176 80 82 170 76 82 175 78 83 173 78 81 171 76 
97 171 77 89 176 72 90 176 74 90 173 71 91 173 74 89 174 76 87 170 71 86 171 73 85 172 74 
78 168 79 76 167 81 79 166 76 76 167 81 73 166 81 74 167 76 74 167 82 72 166 81 67 168 76 
68 168 78 65 165 75 66 164 74 70 170 80 66 164 74 68 164 74 68 171 80 64 164 74 74 170 79 
86 168 85 79 167 83 78 172 88 92 170 86 86 169 84 81 172 87 94 169 83 88 169 82 85 172 86 
88 169 42 89 172 44 88 171 43 92 173 50 94 175 52 91 172 49 92 175 53 96 176 55 94 174 55 
95 171 69 86 170 65 87 170 67 87 172 68 85 170 65 86 171 66 80 172 67 81 169 63 83 171 65 
90 175 59 86 174 57 82 169 55 91 177 53 90 175 53 85 172 52 94 178 52 91 177 53 88 172 53 
92 173 57 93 173 60 95 173 60 96 178 65 94 176 64 90 171 62 93 177 65 91 173 66 88 170 65 
77 169 58 83 175 64 74 166 53 79 171 60 80 172 61 81 173 62 80 172 61 83 175 64 81 173 62 
94 189 55 93 186 53 96 185 52 89 183 52 90 185 51 92 185 52 94 187 58 91 187 56 93 187 56 
101 190 57 98 191 60 95 193 63 98 190 55 99 194 60 94 193 61 95 190 56 97 194 60 91 190 58 
93 188 60 95 191 61 98 191 62 95 187 58 100 193 62 102 197 63 94 185 60 88 179 54 98 186 62 
105 191 67 99 188 61 100 189 62 105 186 63 103 187 63 105 194 67 107 187 66 103 187 63 102 191 64 
94 191 65 90 181 58 91 185 61 92 188 64 90 184 60 91 185 60 95 189 70 88 183 62 90 187 61 
132 194 74 133 195 75 138 199 81 132 194 74 137 199 79 139 201 81 134 196 72 136 199 73 140 203 77 
156 206 98 155 204 96 156 204 98 148 199 88 153 203 95 148 196 90 148 202 89 146 197 86 151 200 92 
143 200 68 147 204 72 143 199 70 139 196 64 141 198 66 139 195 66 130 186 57 138 194 65 141 197 68 
140 197 92 138 195 90 136 193 88 143 198 95 141 197 96 138 194 91 146 199 96 143 198 95 140 198 90 
163 210 100 155 204 94 156 205 95 159 208 98 154 203 93 153 205 92 147 200 89 146 199 88 147 201 88 
155 210 93 170 224 111 165 216 112 141 193 75 163 215 98 164 213 103 147 193 73 144 191 69 154 202 84 
168 212 119 168 213 120 158 205 112 152 200 98 158 207 109 156 203 110 145 195 93 153 202 104 149 197 101 
170 213 108 160 206 100 165 213 107 169 208 110 166 208 107 158 205 103 171 206 119 165 205 110 154 199 102 
136 197 69 136 197 71 133 192 70 144 204 80 142 201 79 132 190 71 150 205 88 146 204 86 138 198 80 
145 189 100 108 147 69 61 98 24 74 109 29 55 86 17 59 86 23 60 82 17 62 81 26 60 76 28 
140 197 88 132 190 78 132 190 78 137 193 81 134 195 79 137 196 81 138 191 80 136 198 78 140 202 82 
162 201 99 158 200 91 157 201 88 165 207 100 161 205 92 160 208 88 166 208 101 147 191 78 141 189 69 
121 152 91 119 148 92 116 145 95 152 191 105 119 159 77 98 137 62 164 211 108 149 197 95 142 189 96 
148 199 88 150 200 92 149 198 92 143 194 83 150 200 92 151 201 93 146 198 85 151 202 91 149 201 93 
152 201 87 152 198 86 146 192 85 152 198 85 153 199 86 149 194 84 152 201 87 151 200 86 149 197 85 
134 196 82 135 197 83 139 201 87 137 195 86 137 195 86 139 197 88 139 196 87 139 196 87 137 194 85 
147 197 85 140 192 74 139 193 74 143 193 81 145 194 78 142 194 77 140 187 77 145 194 80 139 190 76 
77 145 36 76 145 34 75 145 31 72 144 32 74 146 32 74 146 32 70 145 30 74 149 34 76 151 36 
73 144 23 76 148 24 80 144 25 77 144 21 77 148 22 81 143 23 78 142 22 80 146 21 80 141 23 
62 140 33 66 141 35 65 140 32 59 138 29 62 138 30 60 136 25 59 135 23 59 135 23 62 136 24 
104 184 53 105 185 54 107 185 54 101 184 51 109 190 57 103 184 51 100 185 51 106 189 56 107 191 55 
110 192 56 106 188 52 104 186 50 97 182 48 103 188 54 101 186 52 97 186 53 100 189 56 91 179 49 
104 184 47 102 182 45 104 183 50 107 185 48 105 181 45 105 181 50 110 184 48 109 183 47 107 179 49 
117 188 72 119 189 72 122 190 73 119 188 73 121 189 72 123 189 70 121 188 73 123 188 72 124 188 69 
127 190 67 123 190 67 118 189 63 127 192 69 127 194 71 124 192 67 124 195 68 123 195 65 127 199 69 
76 152 81 70 140 70 72 131 63 104 179 93 120 191 105 113 175 91 113 185 79 119 189 82 119 187 80 
112 191 64 108 188 65 110 190 67 107 192 64 104 188 64 104 188 64 107 196 69 104 192 68 100 188 64 
114 189 73 113 188 72 115 193 75 112 190 73 110 188 71 113 193 72 110 188 70 117 197 78 108 192 68 
113 187 67 111 188 66 112 192 69 114 188 70 115 189 69 115 192 71 115 187 73 116 189 73 117 191 73 
113 191 73 113 191 74 113 191 74 110 187 72 110 187 72 111 188 73 113 186 76 112 185 75 113 187 75 
142 193 95 157 203 107 166 207 115 162 212 112 155 200 103 160 202 107 152 202 102 157 202 105 160 202 107 
182 233 135 152 206 109 145 199 102 174 223 131 151 203 113 149 203 114 166 214 125 157 208 121 149 202 115 
146 197 109 151 205 115 148 203 110 150 201 104 155 209 109 151 205 105 147 200 103 150 204 104 154 208 108 
151 202 112 160 213 119 158 211 117 154 205 115 159 210 118 162 215 121 167 215 126 155 206 114 158 210 116 
157 204 106 155 201 102 154 201 98 158 207 109 151 198 99 146 194 92 146 195 97 146 193 94 148 195 96 
136 200 104 134 200 99 122 200 85 137 201 105 136 202 100 126 196 89 133 198 99 137 203 101 140 199 101 
141 205 109 139 204 105 136 200 104 143 209 114 140 207 110 133 200 103 140 206 111 136 202 107 134 201 104 
148 214 109 140 206 101 140 206 101 146 210 104 140 204 98 140 205 96 156 216 108 141 201 93 149 209 101 
152 210 102 138 204 102 136 202 100 154 208 101 143 207 107 150 212 112 153 209 104 143 205 105 150 210 110 
141 211 111 141 213 113 136 209 106 143 215 108 144 218 112 142 215 112 130 202 88 135 206 96 137 206 101 
177 227 127 182 229 130 180 227 129 179 232 128 177 227 127 173 221 125 180 224 125 166 212 113 176 222 123 
186 238 155 186 234 128 185 233 127 185 240 147 205 249 148 195 239 138 193 249 144 215 255 161 201 245 146 
180 225 128 180 226 127 194 241 139 164 209 112 188 235 136 189 236 137 166 213 114 194 241 143 188 235 137 
117 195 64 118 194 63 117 193 61 117 193 57 119 195 59 119 196 58 120 192 55 122 195 55 121 194 54 
131 195 69 127 191 65 127 194 65 127 195 70 122 193 67 123 197 69 123 195 71 120 193 69 119 196 69 
128 199 103 126 196 103 124 190 101 125 198 100 125 196 103 124 192 103 117 194 96 118 194 100 122 195 103 
113 190 93 119 197 103 117 196 105 117 194 96 115 192 94 123 201 100 116 193 95 117 194 96 119 196 98 
112 195 92 117 198 95 120 199 96 111 191 92 113 193 92 118 194 93 112 188 94 112 189 92 115 190 92 
117 194 102 115 192 100 112 189 97 113 193 100 111 191 98 111 190 99 114 191 99 113 190 98 115 192 100 
111 192 89 111 192 89 115 196 93 112 193 90 111 192 89 114 194 93 114 192 91 113 192 89 115 193 92 
108 188 57 104 184 53 106 186 55 107 188 55 102 183 50 105 185 54 105 188 55 102 185 52 102 185 53 
114 192 55 115 190 62 114 186 66 111 193 51 114 193 58 116 192 61 108 190 48 114 192 55 115 192 57 
95 187 74 94 189 75 93 190 74 96 187 72 98 189 72 94 186 67 97 188 71 101 190 70 97 185 61 
123 190 69 117 188 67 112 189 67 119 188 67 118 191 69 108 189 66 115 189 69 114 193 72 105 188 66 
108 182 64 107 184 62 106 187 61 103 185 66 100 186 62 98 187 60 98 187 67 97 187 64 96 187 62 
146 201 84 148 203 88 146 200 87 147 202 85 149 204 89 146 199 88 150 205 90 150 204 91 146 199 88 
131 190 76 132 191 76 130 191 75 132 191 76 134 193 78 134 195 79 138 193 76 134 192 74 136 197 79 
138 204 91 137 201 88 139 203 90 135 201 90 135 199 86 135 199 86 129 193 80 127 191 78 127 191 78 
147 205 87 149 201 87 155 205 93 142 201 87 143 197 84 149 202 91 147 200 89 144 197 86 151 200 94 
152 203 105 152 202 102 148 196 94 154 208 108 157 209 109 149 199 99 154 206 106 152 204 104 145 197 97 
94 189 85 94 189 84 92 187 83 93 188 84 92 187 83 91 183 80 92 187 83 92 184 81 89 181 80 
102 190 100 102 189 99 101 188 98 105 192 100 103 187 98 100 184 95 106 191 99 102 186 97 100 182 93 
106 188 93 101 185 90 99 186 90 106 189 91 99 184 86 100 185 87 106 187 90 103 186 88 98 183 85 
107 186 89 104 187 88 102 187 89 104 184 93 103 188 90 101 187 87 104 185 98 105 189 94 103 189 87 
99 189 90 97 188 89 96 186 90 101 188 90 99 188 92 99 188 92 103 190 92 103 190 94 103 190 94 
129 193 80 128 193 78 120 184 71 126 189 73 125 191 72 121 186 70 123 186 70 122 188 69 115 183 66 
121 192 65 119 189 65 127 194 71 122 190 71 122 190 73 120 188 69 126 193 78 126 192 79 119 186 71 
126 191 58 132 196 66 133 197 67 131 195 65 127 191 62 128 191 65 131 195 66 126 189 63 128 190 66 
123 193 62 122 194 64 117 191 63 120 193 61 122 194 64 119 193 63 121 194 62 120 194 64 119 193 65 
117 191 61 118 193 61 114 188 58 117 191 61 119 194 62 116 190 60 118 192 64 119 194 62 117 191 61 
117 185 66 111 185 65 106 184 66 115 184 69 110 183 67 107 186 69 113 184 74 111 185 73 111 189 76 
88 185 75 92 184 78 93 182 73 88 188 69 91 186 75 90 183 74 90 187 69 90 188 76 88 183 78 
109 185 77 108 187 78 107 188 79 108 187 76 105 186 77 103 186 77 105 187 75 103 185 73 103 187 75 
99 187 73 99 185 67 104 185 68 94 186 73 93 184 67 95 185 66 86 184 70 88 185 67 90 187 69 
104 188 69 110 194 75 100 185 77 98 184 66 103 189 71 105 184 73 96 181 67 98 183 67 105 183 68 
122 199 78 128 198 84 127 197 83 120 195 79 125 195 81 125 198 82 121 195 83 125 197 83 122 195 79 
122 194 74 120 194 76 122 196 78 118 191 69 120 193 71 123 196 72 117 188 67 119 191 67 122 194 70 
124 192 75 124 192 75 118 186 67 124 193 79 125 194 79 122 191 76 124 193 82 125 194 83 128 197 83 
122 192 75 118 189 72 115 189 69 121 190 75 120 189 74 120 189 74 120 189 74 123 190 75 127 192 77 
120 192 80 123 195 83 123 195 83 120 193 77 125 198 82 124 197 81 121 196 74 124 198 78 124 198 78 
137 195 76 134 197 71 134 197 71 135 197 77 136 199 75 135 198 74 130 197 76 133 198 75 131 196 73 
131 192 66 131 194 71 130 194 74 129 191 67 126 190 70 124 190 71 131 193 73 124 190 71 122 190 73 
150 201 63 138 196 61 122 188 53 133 199 64 123 194 60 111 184 50 122 196 66 114 194 65 109 189 58 
122 190 71 121 189 70 119 187 68 122 192 68 121 191 67 121 191 67 123 194 67 125 196 69 125 196 70 
121 194 72 120 189 74 121 190 76 121 194 72 121 192 72 124 192 75 122 194 70 125 195 71 124 195 69 
150 206 103 150 207 102 147 204 99 148 205 100 148 205 100 144 203 98 143 200 95 142 201 96 141 200 95 
140 205 96 138 202 96 138 201 97 141 204 100 141 203 95 139 201 93 144 203 105 142 202 101 141 200 95 
142 196 96 144 199 96 145 201 96 140 194 94 143 198 95 144 200 95 142 196 96 146 201 98 147 203 98 
147 195 106 149 201 111 142 203 113 149 197 108 147 198 111 142 200 112 150 199 113 145 198 111 141 199 110 
