165 133 192 165 133 192 164 127 189 163 125 191 166 125 193 167 125 196 168 127 194 171 127 196 170 126 197 
175 131 198 176 129 198 173 126 195 176 134 199 172 130 195 172 130 195 175 133 198 174 132 197 169 127 192 
173 130 195 176 133 198 178 134 201 173 127 193 174 128 194 174 127 195 176 130 196 174 128 194 175 129 195 
177 137 202 174 137 201 169 132 196 174 134 199 174 137 201 168 131 193 172 132 197 177 138 200 169 132 194 
174 127 195 177 130 198 175 128 196 178 129 197 175 128 196 180 133 201 178 131 199 176 129 197 179 132 200 
141 105 182 146 110 187 149 111 187 143 107 184 147 111 188 149 110 188 147 108 186 149 110 188 150 110 188 
143 103 181 144 105 183 141 102 180 142 103 183 144 105 185 141 102 182 141 99 182 142 101 182 141 102 182 
151 105 182 149 103 180 151 105 181 149 104 183 147 102 181 147 103 180 149 103 185 147 101 183 149 103 185 
141 99 182 142 100 183 141 101 183 145 99 182 144 98 181 140 96 179 150 102 184 147 99 181 143 95 177 
153 105 183 156 108 186 158 110 189 154 108 185 157 109 188 158 110 189 151 106 185 153 111 188 154 112 189 
157 110 186 162 114 192 162 114 193 161 113 191 164 116 194 164 116 195 161 115 192 164 118 195 163 116 195 
159 117 200 158 116 199 154 112 195 159 117 202 158 116 201 154 112 197 159 117 202 158 116 201 154 112 197 
154 112 197 154 112 197 156 114 199 157 115 200 156 114 199 157 115 200 158 117 202 156 115 200 155 114 199 
155 118 198 153 116 196 153 116 196 153 116 196 153 116 196 154 117 197 152 116 193 154 117 197 156 119 199 
151 109 192 147 105 188 150 108 191 155 115 197 151 111 193 150 108 191 153 114 194 154 115 195 150 111 191 
156 114 197 152 110 193 153 112 197 159 115 198 154 112 195 155 113 198 157 113 196 157 112 198 157 115 200 
153 110 191 153 110 191 151 108 189 155 112 193 153 110 191 151 108 189 160 118 201 150 108 191 155 113 196 
136 97 177 142 101 182 144 102 185 135 96 174 147 108 188 145 105 187 144 105 183 138 101 181 141 103 185 
154 112 195 151 111 193 151 111 193 155 115 197 151 111 193 147 109 191 151 111 193 149 109 191 149 111 193 
161 120 201 158 117 198 155 114 195 157 116 197 159 117 200 159 118 199 157 114 195 160 117 198 157 113 196 
177 130 206 175 128 204 179 130 206 177 130 206 180 133 209 175 128 204 173 125 203 178 131 207 175 128 204 
179 131 209 179 131 209 177 129 207 179 132 208 178 131 207 177 130 206 178 131 207 177 130 206 177 130 206 
171 123 201 179 131 209 178 130 208 176 128 206 175 127 205 179 131 209 171 123 202 173 125 203 176 128 206 
177 128 210 179 130 212 176 127 209 172 124 206 175 125 209 173 123 207 175 126 210 173 124 208 174 125 209 
178 132 205 175 129 202 171 125 198 176 130 203 180 134 207 176 130 203 178 132 205 179 133 206 177 131 204 
171 130 197 171 130 197 170 129 196 170 131 193 171 132 194 170 131 193 169 131 191 170 132 192 170 132 192 
171 129 194 171 129 194 173 131 196 173 131 196 172 130 195 175 133 198 171 129 194 170 128 193 173 131 196 
166 128 194 167 126 193 169 128 195 167 129 195 166 128 194 169 128 195 168 130 196 167 129 195 167 129 195 
167 126 193 170 127 194 172 129 196 171 128 195 171 128 195 173 130 197 172 131 198 172 129 196 172 129 196 
167 129 195 166 128 194 165 129 195 169 131 197 167 129 195 167 129 195 169 128 196 168 127 195 167 128 196 
156 109 207 157 110 208 158 112 208 158 111 209 156 109 207 154 107 205 157 112 209 155 108 206 152 105 203 
159 110 208 159 110 208 157 110 208 161 113 209 160 112 208 151 104 202 154 108 204 156 109 207 160 113 211 
154 108 204 153 107 203 154 108 204 159 115 210 160 116 211 158 114 209 159 115 210 156 114 209 156 113 210 
156 111 204 158 113 206 159 115 208 161 113 209 157 111 207 160 114 210 162 114 210 156 110 206 158 112 208 
155 108 211 153 109 208 156 114 209 156 107 211 156 111 208 161 117 210 162 112 214 151 105 201 155 112 203 
152 109 206 155 113 208 159 117 212 156 111 208 160 116 211 157 113 208 153 108 205 159 112 210 156 109 207 
154 108 204 152 105 203 149 104 201 157 108 206 152 105 203 152 105 203 156 107 205 155 108 206 158 111 210 
155 104 202 144 97 196 153 106 208 160 106 206 154 104 206 154 105 209 152 111 203 152 111 203 154 110 203 
158 111 209 157 110 208 159 112 210 154 108 207 159 113 212 150 104 203 154 110 209 158 114 213 155 111 210 
152 110 205 155 113 208 151 108 205 150 107 204 148 107 204 150 109 206 146 103 200 143 102 200 150 109 207 
165 125 196 167 127 198 168 128 199 168 128 199 164 124 195 167 127 198 164 127 197 161 124 194 165 125 196 
166 129 199 165 128 198 165 128 198 167 131 201 166 130 200 166 130 200 164 130 200 163 129 199 164 130 200 
168 128 199 166 126 197 169 127 198 166 128 200 168 128 199 171 129 200 163 129 200 168 132 202 169 132 202 
160 123 195 162 124 196 164 127 197 162 125 197 163 126 196 164 127 197 164 128 198 163 127 197 165 128 198 
167 130 200 166 126 197 171 131 202 167 129 201 166 126 198 171 128 201 170 130 202 170 130 202 171 128 201 
165 128 196 164 127 197 166 129 199 167 128 196 168 129 197 168 128 199 168 129 197 169 130 198 166 127 195 
162 128 198 162 128 198 164 128 198 160 126 196 162 126 196 164 127 197 162 126 196 163 126 196 164 127 197 
157 120 194 158 124 195 156 122 192 152 119 193 153 123 194 155 124 193 150 120 193 153 125 195 156 125 194 
164 127 197 167 127 198 167 127 198 169 127 198 171 129 200 170 128 199 171 127 198 173 129 200 172 128 199 
170 129 197 168 127 195 171 130 198 168 129 197 168 129 197 169 130 198 167 130 200 167 130 200 167 130 200 
206 180 234 209 183 237 213 187 240 201 176 232 193 168 224 193 169 223 194 171 226 195 172 227 183 158 214 
205 183 232 206 184 233 210 188 237 208 186 235 208 186 235 210 185 235 207 185 234 207 182 232 203 176 226 
202 161 222 195 157 217 196 158 218 198 159 221 193 156 218 198 161 223 187 150 212 188 151 213 192 158 218 
199 176 228 199 176 228 199 176 228 201 176 226 195 170 220 193 170 222 194 169 219 182 157 207 192 166 219 
189 165 219 184 160 214 190 164 218 187 164 218 189 165 219 187 162 218 183 160 214 187 162 218 182 157 213 
170 131 199 165 126 194 169 129 200 171 131 202 166 126 197 170 130 201 164 124 195 167 127 198 168 128 199 
161 124 196 159 122 194 161 123 195 163 126 198 160 123 195 162 124 196 164 127 199 162 125 197 163 126 196 
170 129 197 171 134 202 166 129 197 165 129 195 168 131 193 166 129 193 167 130 198 168 128 193 168 127 194 
165 125 196 172 132 203 167 127 198 165 125 196 167 127 198 168 128 199 168 128 199 164 124 195 167 127 198 
165 129 199 165 129 199 164 128 198 164 127 199 163 126 198 162 126 196 162 128 199 162 128 199 163 127 197 
167 127 198 164 129 196 163 128 195 167 127 198 166 130 200 164 128 198 164 127 197 164 130 200 162 128 198 
145 121 193 142 120 192 143 121 193 144 122 194 145 123 195 145 125 197 142 120 192 143 123 195 145 125 197 
156 130 200 158 130 200 159 127 198 152 131 200 157 131 201 156 128 198 150 129 198 153 129 199 155 129 199 
160 131 194 161 132 195 166 129 197 159 128 189 166 133 194 169 131 197 166 132 197 168 134 199 161 133 199 
168 131 201 164 127 197 167 127 198 170 128 199 169 127 198 171 129 200 168 126 197 171 127 198 173 129 200 
172 127 196 175 131 200 166 130 196 175 126 200 169 123 195 165 124 192 175 132 197 173 128 191 173 127 193 
174 132 197 176 134 199 176 134 199 175 133 198 175 133 198 174 132 197 175 133 198 175 133 198 173 131 196 
170 130 195 170 130 195 170 130 195 172 132 197 170 130 195 169 129 194 177 135 200 173 131 196 172 130 195 
175 132 199 174 130 197 174 130 197 176 134 199 176 132 199 176 132 199 175 132 197 175 132 197 176 132 199 
169 125 196 168 123 196 170 124 196 170 125 194 169 125 194 169 125 196 171 128 193 171 127 194 170 127 194 
176 128 206 175 127 206 170 122 204 175 127 205 176 128 207 170 122 204 173 127 209 167 125 203 165 126 202 
177 130 206 178 131 207 178 131 207 177 130 206 175 128 204 174 127 203 176 129 205 176 129 205 175 128 204 
179 129 199 181 131 201 181 131 201 181 131 203 181 131 203 182 132 204 181 130 204 180 129 203 181 130 204 
179 132 208 178 131 207 179 132 208 180 132 210 179 131 209 178 131 207 180 132 210 179 131 209 178 130 208 
180 129 209 180 129 209 177 126 206 184 133 213 180 129 209 176 125 205 184 133 213 178 127 207 174 123 203 
178 125 218 180 127 220 176 123 216 174 121 214 173 120 213 168 115 208 167 112 205 177 122 215 178 123 216 
171 123 211 177 127 215 174 124 212 173 125 214 175 127 216 174 123 213 174 127 219 174 126 215 173 125 214 
174 127 220 175 128 221 170 126 217 175 128 221 177 130 223 173 129 220 176 127 219 174 127 219 174 130 221 
177 129 218 180 132 221 180 129 219 176 128 217 178 130 219 180 132 221 177 128 220 178 129 221 182 133 225 
180 122 217 177 121 216 180 127 220 183 126 219 178 123 216 177 124 217 182 127 220 179 124 217 177 124 217 
174 123 215 179 128 220 170 119 209 174 125 217 174 125 217 171 122 214 174 124 218 166 117 209 172 123 215 
169 126 217 171 128 219 170 126 215 169 127 215 174 131 218 174 129 216 169 125 214 171 125 214 173 125 213 
174 124 218 175 125 219 176 125 217 172 122 216 171 121 215 176 125 217 178 128 222 177 127 221 173 122 214 
179 128 220 178 127 219 178 127 219 177 126 218 178 127 219 177 126 218 177 126 216 179 128 220 176 125 217 
181 132 224 179 130 222 175 126 218 180 131 223 179 130 222 178 129 221 183 132 224 184 133 225 185 134 226 
165 134 213 168 137 216 164 133 212 165 134 213 168 137 216 169 140 219 164 133 212 164 135 214 167 138 217 
160 135 209 162 137 211 161 136 210 160 137 211 163 138 212 160 135 209 159 136 210 160 137 211 160 135 209 
161 135 211 160 131 210 158 129 208 160 134 210 159 133 211 159 133 211 158 135 210 159 135 213 160 136 214 
155 134 213 156 136 211 152 134 205 163 140 215 162 139 214 159 136 211 161 138 213 160 137 212 160 137 212 
158 133 213 158 131 211 158 129 209 156 131 211 159 132 212 159 132 212 155 130 210 156 131 211 157 131 209 
162 130 201 162 130 201 166 134 205 164 132 203 162 130 201 168 136 207 163 129 200 168 134 205 163 129 200 
167 130 200 170 133 203 172 135 205 168 132 202 168 132 202 172 135 205 166 130 200 166 130 200 168 132 202 
168 129 197 170 131 199 172 133 201 175 136 204 175 136 204 170 131 199 170 131 199 171 132 200 169 130 198 
175 136 204 173 134 202 175 133 204 179 140 208 179 137 208 179 137 208 180 139 207 179 137 208 179 137 208 
174 140 210 169 137 208 168 136 207 175 141 211 174 140 211 168 136 207 171 137 207 173 139 210 171 137 208 
194 175 218 201 181 224 199 179 222 202 182 225 199 179 222 202 182 225 204 184 227 188 168 211 194 174 217 
186 163 215 182 159 211 185 161 215 186 163 215 184 161 213 187 164 218 184 161 213 184 161 213 199 175 229 
199 178 223 197 176 221 190 170 213 190 169 214 186 165 210 196 176 219 187 164 209 181 160 205 187 166 211 
186 164 213 187 165 214 183 161 210 191 169 218 183 161 210 186 164 213 198 176 225 190 168 217 187 165 214 
194 165 214 185 155 204 187 157 206 178 148 197 177 145 194 182 150 199 179 149 198 182 152 201 184 152 201 
184 130 199 186 132 202 189 135 205 184 130 200 185 131 201 182 128 198 182 128 198 187 133 203 181 127 197 
204 164 222 206 166 224 206 166 224 197 156 217 202 161 222 207 169 229 190 147 212 198 155 220 192 149 214 
187 135 205 185 133 203 187 135 205 184 132 202 187 135 205 187 135 205 185 131 201 188 134 204 187 133 203 
187 149 209 187 144 207 188 145 208 198 163 219 187 147 205 188 148 206 192 160 214 196 159 215 188 151 207 
185 134 202 181 130 197 187 136 203 183 135 201 177 129 195 189 138 205 191 145 211 188 140 206 186 138 204 
186 146 211 189 149 214 190 153 217 197 155 220 190 150 215 190 150 215 198 156 221 195 152 219 190 149 216 
191 147 218 191 147 218 196 152 221 195 151 222 193 149 220 192 148 219 191 147 218 192 148 219 192 148 219 
191 147 214 191 147 214 190 146 213 192 148 215 191 148 215 190 146 215 192 149 216 192 149 216 190 146 215 
194 150 217 191 148 215 191 148 215 192 148 215 192 148 215 190 147 214 192 148 215 195 151 218 192 149 216 
187 145 210 188 146 211 195 153 218 185 143 208 192 150 215 193 151 216 185 142 209 194 151 218 192 149 214 
184 122 204 182 120 202 187 125 207 187 125 207 194 132 214 191 129 211 196 133 213 194 131 211 191 128 208 
200 135 220 200 135 220 197 135 219 197 132 217 195 133 217 197 135 219 193 131 213 192 130 214 195 133 217 
195 134 220 195 134 220 196 135 223 192 135 220 192 133 218 191 131 219 193 134 218 192 133 217 190 131 215 
196 137 212 197 135 211 198 138 216 203 139 215 202 138 214 201 136 215 201 136 215 203 137 216 202 135 216 
199 137 219 198 136 220 195 133 217 202 140 222 200 138 220 195 133 215 203 142 222 200 139 219 195 134 214 
193 136 221 193 134 219 196 137 222 194 137 222 195 138 223 197 138 223 195 141 224 199 143 226 195 139 222 
192 136 219 188 132 215 194 133 223 190 133 218 190 133 218 191 130 220 185 128 213 186 129 214 186 126 214 
190 133 212 190 133 212 194 137 216 188 131 210 191 134 213 191 134 213 192 136 217 185 129 210 193 137 218 
181 147 211 179 145 209 181 147 211 183 148 212 182 147 211 184 149 213 183 148 212 183 148 212 183 148 212 
174 147 211 171 144 208 171 141 206 174 147 211 175 145 210 172 142 207 173 143 208 175 145 210 173 143 208 
174 138 208 173 137 207 172 135 207 173 139 209 173 136 208 172 135 207 172 138 209 169 135 206 169 134 208 
171 134 208 168 131 203 170 133 205 169 132 204 165 128 200 169 132 204 167 133 204 168 134 205 169 135 205 
160 130 206 159 127 204 159 127 206 159 129 205 155 125 201 155 124 203 153 123 199 152 121 200 155 124 203 
174 132 209 171 129 206 169 125 202 174 132 209 167 125 202 169 127 204 169 130 206 164 125 201 171 129 206 
174 131 206 176 133 208 173 130 205 171 128 203 177 134 209 176 133 208 162 129 204 166 132 209 167 131 208 
195 139 210 188 134 204 192 138 208 194 140 210 191 137 207 189 137 207 194 140 209 190 139 207 187 136 204 
195 138 207 202 145 214 194 137 205 192 135 204 200 143 212 195 139 204 190 134 205 192 136 207 191 134 202 
197 140 208 197 140 208 196 142 207 197 143 210 194 140 205 194 140 205 197 141 206 197 141 206 195 140 203 
189 133 206 189 133 206 189 134 207 192 137 210 191 136 209 192 137 210 192 137 210 194 139 212 194 141 214 
196 139 207 198 141 209 197 140 208 195 141 208 196 142 209 195 141 208 193 140 207 194 140 207 194 139 208 
175 135 207 174 134 206 176 136 208 175 135 207 174 134 206 176 136 208 178 138 210 176 136 208 179 139 211 
180 139 207 179 137 208 179 137 208 179 138 206 179 138 206 181 137 206 177 136 203 179 135 204 179 135 204 
175 131 200 174 130 199 171 130 198 177 134 201 178 135 202 174 133 200 177 134 201 179 136 203 172 131 198 
166 131 198 165 128 198 161 130 197 168 131 199 166 129 199 161 130 197 168 131 199 170 130 201 165 132 199 
182 133 201 179 130 198 179 130 198 181 132 200 181 132 200 180 131 199 178 128 198 180 130 200 179 130 198 
175 131 198 172 130 195 172 130 195 172 126 198 175 129 201 174 128 200 170 124 196 175 129 201 173 129 200 
173 129 198 172 128 197 173 129 198 174 130 201 171 127 198 174 130 201 175 131 202 171 127 198 173 129 200 
179 131 203 180 133 202 180 130 200 177 131 203 180 132 204 178 131 200 175 129 202 176 130 202 176 128 200 
174 131 204 175 129 205 175 129 205 174 131 204 176 130 206 176 130 207 176 131 204 176 130 206 178 130 208 
191 140 214 191 140 214 190 139 213 194 145 219 188 139 213 191 142 216 190 140 212 190 139 213 193 142 216 
195 141 210 190 138 208 183 132 206 192 139 206 194 142 212 188 139 213 190 139 207 194 144 214 193 144 218 
189 131 212 189 131 212 195 138 217 189 130 214 188 129 213 193 137 220 191 132 217 194 135 220 193 136 221 
189 133 216 192 133 217 190 131 216 192 133 217 192 133 217 188 129 213 192 133 217 190 131 215 189 130 214 
185 132 212 187 134 214 183 130 210 190 137 217 189 136 216 190 134 215 190 137 217 189 133 214 191 135 216 
189 139 211 189 139 211 189 139 211 191 141 213 192 142 214 190 140 212 192 139 212 195 142 215 191 141 213 
183 138 211 181 135 211 185 139 215 184 137 213 182 135 211 186 139 215 188 141 217 186 139 215 187 141 214 
191 139 216 189 137 214 188 137 211 189 140 216 187 138 212 187 138 212 187 141 214 186 140 213 186 140 212 
188 139 213 189 140 214 189 140 214 187 138 212 188 139 213 186 137 211 187 138 214 187 138 214 185 136 212 
186 135 215 185 134 214 186 136 214 190 137 217 185 134 214 183 132 212 187 137 215 183 133 211 187 136 216 
182 137 210 183 138 211 186 141 214 182 136 208 184 138 210 186 140 212 183 137 209 184 138 210 185 139 211 
183 134 216 187 139 221 185 137 219 183 134 216 185 137 219 182 134 216 186 136 220 178 129 213 185 137 219 
178 135 216 176 133 214 173 131 209 179 136 217 178 135 216 175 132 213 179 133 215 178 135 216 176 133 214 
178 134 211 185 139 216 177 131 213 179 135 212 184 138 215 179 131 213 178 134 211 178 134 211 184 136 218 
177 130 206 177 132 205 179 134 207 179 132 208 179 132 208 181 135 211 183 135 213 182 135 211 188 141 217 
182 134 230 179 131 227 180 130 224 179 131 227 182 135 228 182 132 226 181 130 227 184 133 230 182 132 226 
178 131 224 179 132 225 178 131 224 177 130 222 178 131 223 177 130 222 181 134 226 183 136 228 179 135 226 
182 131 223 183 131 225 185 135 229 182 131 221 186 135 227 189 138 230 182 131 221 184 133 223 184 133 225 
182 131 228 185 135 229 187 138 230 185 132 229 185 133 227 185 135 229 189 136 233 187 134 231 186 136 230 
185 135 229 186 137 229 182 135 227 186 134 228 187 137 231 185 135 229 188 136 230 187 137 231 185 135 229 
184 136 225 184 133 230 185 133 233 187 138 230 184 133 231 182 132 234 188 137 234 181 131 231 182 132 232 
184 137 230 182 137 230 182 137 230 180 135 228 184 139 232 185 140 233 178 134 227 180 136 229 181 138 229 
185 131 228 182 128 225 186 130 225 187 133 230 187 134 228 188 132 227 187 134 228 185 132 226 187 134 228 
187 134 228 183 130 224 184 133 225 188 135 229 181 128 222 181 129 223 183 129 228 180 127 224 185 132 229 
181 134 227 176 130 226 178 131 229 190 142 224 184 134 218 186 136 220 186 136 224 183 134 220 186 136 224 
197 154 217 199 158 219 191 150 211 196 153 216 199 156 219 198 155 218 196 153 218 198 155 220 198 155 220 
193 156 218 192 156 216 191 155 215 195 158 220 192 156 216 190 154 214 194 152 217 193 151 216 193 151 216 
195 156 218 197 158 220 196 157 219 195 156 218 196 157 219 193 154 216 196 155 217 197 158 220 195 156 218 
192 149 212 193 150 213 199 156 221 194 151 214 194 151 216 196 153 218 193 150 213 193 150 215 193 150 215 
196 149 217 193 146 214 194 147 215 196 149 217 193 146 214 193 146 215 196 149 217 194 147 216 192 145 214 
177 138 206 176 137 205 175 136 204 177 137 208 176 137 205 175 136 204 175 138 208 174 137 205 175 136 204 
172 132 203 173 133 204 173 131 202 169 132 202 170 130 201 171 131 202 169 132 202 168 131 201 171 134 204 
177 134 201 177 134 201 173 130 197 175 132 199 176 133 200 174 131 198 177 133 202 177 133 202 174 131 198 
179 135 206 177 133 204 177 133 204 179 135 206 179 135 206 174 130 201 178 134 203 177 133 202 176 132 201 
168 131 199 172 135 203 170 134 200 173 134 202 173 134 202 171 133 199 167 128 196 168 129 197 169 131 197 
143 120 205 145 121 205 142 118 202 142 119 204 145 120 206 145 120 206 143 118 204 146 121 207 146 121 207 
143 123 206 142 122 205 138 118 201 145 125 208 144 124 207 141 121 204 145 125 208 143 123 206 145 125 208 
159 123 207 161 125 209 161 125 209 158 125 206 159 125 209 159 125 209 158 125 206 159 126 207 159 126 207 
159 125 209 159 123 207 163 124 209 162 126 210 162 123 208 164 123 208 160 124 208 163 122 207 164 122 207 
149 123 207 147 121 205 146 117 202 148 122 206 149 120 205 147 116 201 148 119 204 151 120 205 152 119 204 
173 137 214 172 138 215 173 139 216 174 135 215 175 141 218 174 140 217 176 137 217 176 142 219 175 141 218 
176 142 219 178 144 221 172 140 217 176 142 219 176 143 218 174 141 216 178 142 219 175 141 218 173 139 216 
175 138 218 175 138 218 178 141 221 174 138 215 176 140 217 177 140 220 173 137 214 176 140 217 176 140 217 
180 137 210 169 133 215 170 134 216 179 138 213 172 137 217 173 138 218 180 141 217 173 139 216 166 132 209 
175 138 218 171 133 215 173 135 217 177 140 220 173 136 216 177 140 220 177 140 220 175 138 218 178 141 221 
172 135 215 176 139 219 174 137 217 174 137 217 176 139 219 174 137 217 175 137 219 175 137 219 175 137 219 
174 137 217 171 135 217 170 134 218 172 137 217 172 136 220 173 137 221 172 136 218 173 137 221 175 139 223 
174 139 219 176 139 219 176 138 220 175 140 220 175 139 221 177 139 221 175 139 221 176 140 222 176 140 222 
174 140 217 178 144 221 170 136 213 174 140 217 175 141 218 169 135 212 173 139 216 172 138 215 170 136 213 
177 141 223 169 137 216 174 142 219 176 140 222 171 139 218 171 139 218 167 134 215 172 140 219 167 135 214 
175 130 216 177 130 216 178 131 217 176 130 213 182 135 221 181 134 220 177 128 212 183 134 218 182 133 217 
182 127 214 182 132 216 182 132 216 186 128 217 187 134 221 180 128 212 185 129 218 187 134 221 179 127 211 
178 128 216 178 128 216 176 129 215 176 128 216 176 128 216 177 129 217 177 129 217 177 129 217 179 131 219 
178 128 216 183 132 222 180 129 221 181 129 219 185 134 226 179 128 220 182 129 222 183 130 223 176 123 217 
174 127 220 174 124 218 176 126 220 174 125 217 173 124 216 176 127 219 174 125 217 173 124 216 179 130 222 
170 130 195 170 130 195 169 129 194 172 133 195 171 131 196 172 132 197 169 130 192 171 132 194 172 133 195 
175 131 198 176 129 198 173 126 195 176 134 199 172 130 195 172 130 195 175 133 198 174 132 197 169 127 192 
172 128 195 172 128 195 174 126 198 171 128 195 170 127 194 171 125 197 173 130 197 169 126 193 168 124 195 
173 129 196 175 131 198 176 129 197 173 129 196 174 130 197 174 127 195 173 129 196 174 130 197 174 130 197 
176 133 196 173 130 193 174 131 194 173 130 195 173 130 195 174 131 196 174 131 196 174 131 196 172 129 194 
190 139 213 190 139 213 187 136 210 195 138 213 192 136 213 203 149 226 192 134 212 188 131 210 199 144 223 
