44 25 196 49 23 195 48 18 191 43 25 196 51 27 199 50 22 195 39 22 190 50 26 198 52 24 197 
51 33 204 46 27 200 37 19 196 43 25 202 40 24 201 37 21 198 41 21 197 47 26 205 42 20 202 
39 26 194 41 26 194 45 31 197 39 29 196 40 30 197 42 30 196 38 30 197 41 31 198 38 28 194 
45 30 198 43 30 198 35 25 192 48 31 198 45 31 197 39 27 193 47 30 197 44 30 196 38 26 192 
56 24 195 55 23 194 50 21 191 60 26 197 59 25 196 56 24 195 57 23 194 53 21 192 57 25 196 
26 29 197 24 24 192 30 23 192 24 30 197 23 25 190 29 25 191 19 25 190 15 21 186 24 26 191 
27 9 192 34 20 198 40 27 203 31 15 192 34 21 196 42 30 202 41 25 196 39 24 192 41 29 195 
22 25 193 17 24 193 22 20 203 25 26 194 17 22 191 25 24 198 31 31 199 20 23 192 27 29 191 
28 25 194 32 27 190 36 29 186 25 29 194 27 32 189 33 31 184 17 26 189 27 34 191 28 29 181 
30 21 192 31 19 191 29 20 191 24 23 193 27 21 192 28 19 193 20 23 192 23 22 192 26 22 195 
14 22 205 13 23 201 19 25 202 11 25 198 17 31 203 20 30 202 1 16 186 12 27 197 14 26 198 
29 20 200 40 28 208 36 24 202 33 22 202 39 27 207 30 18 196 37 25 207 39 27 209 28 17 197 
34 13 192 38 12 196 38 14 198 26 17 188 28 15 191 28 16 196 25 21 186 22 16 189 26 20 197 
25 8 201 23 10 202 23 12 204 22 9 201 16 5 199 17 5 201 26 14 194 20 14 191 16 12 191 
36 18 201 28 15 197 19 15 194 42 16 200 40 17 203 28 14 199 40 15 203 36 11 201 26 8 197 
47 12 206 49 12 206 53 16 208 32 18 204 43 19 207 54 21 209 32 18 204 40 19 206 49 22 209 
22 22 198 27 24 204 29 24 209 24 24 200 24 23 203 28 23 208 19 23 202 19 23 202 23 24 206 
26 15 201 26 13 199 27 12 200 26 15 202 27 12 203 29 11 202 31 19 201 33 23 207 29 21 205 
23 18 203 23 16 203 32 16 207 24 20 203 24 18 203 31 15 206 26 22 201 27 19 203 34 19 207 
28 23 198 21 21 197 11 15 193 20 24 203 15 22 201 4 15 196 14 21 200 7 16 197 9 18 199 
50 36 208 54 46 207 51 50 190 48 38 205 57 43 209 54 38 203 46 39 208 47 39 206 51 39 205 
36 38 203 38 42 207 29 36 199 37 43 210 36 42 209 34 40 207 33 38 207 32 37 206 33 38 207 
22 24 202 29 36 209 21 31 202 18 25 204 22 32 209 23 34 208 17 33 206 16 32 205 23 36 212 
30 35 210 29 31 203 27 27 197 40 42 214 28 35 204 18 27 195 34 38 210 26 33 204 18 28 200 
45 36 207 38 28 204 42 36 215 37 29 200 35 28 203 35 29 206 37 34 204 38 34 207 30 25 200 
27 17 184 37 20 188 33 15 182 28 20 187 37 21 193 36 16 189 24 24 178 32 19 187 41 21 197 
40 15 195 34 11 193 31 11 194 33 10 192 31 7 191 32 9 195 33 9 193 33 9 195 36 12 198 
37 13 197 42 12 195 50 17 198 44 16 199 48 15 196 55 20 200 48 21 201 48 19 199 51 21 200 
42 19 193 44 12 190 48 9 189 45 19 197 43 11 190 50 9 190 41 14 194 42 10 189 53 13 192 
16 16 192 13 11 187 10 6 185 17 14 190 11 9 185 13 9 188 18 12 189 17 14 190 20 16 195 
37 21 169 23 11 159 22 13 163 36 20 168 26 14 164 28 17 167 34 19 171 30 17 169 30 18 170 
46 21 165 42 18 160 45 21 163 50 23 167 48 21 161 52 27 165 41 25 163 44 26 163 45 25 162 
23 27 170 20 24 167 21 25 168 24 27 172 19 21 169 20 20 168 26 24 173 26 22 171 27 21 170 
36 22 170 35 21 169 38 14 170 35 21 169 35 19 167 30 17 163 40 21 170 36 20 168 21 19 155 
49 16 190 46 16 195 45 14 195 43 15 188 50 19 194 46 16 195 39 21 192 54 21 195 50 21 198 
49 28 190 41 21 194 45 23 201 51 32 189 43 22 191 50 24 202 53 34 183 46 25 188 49 22 196 
43 27 199 40 24 196 48 26 198 48 25 199 45 20 194 53 24 199 49 27 199 45 23 195 50 24 196 
38 17 204 36 15 207 37 18 211 39 20 201 38 20 203 32 15 202 34 20 205 30 16 201 34 19 201 
36 19 206 20 9 196 15 9 198 32 18 204 21 14 201 18 15 201 30 20 204 20 14 199 15 13 197 
14 13 193 17 12 193 26 13 199 19 18 198 15 14 194 18 13 198 22 19 199 18 19 199 12 12 196 
14 13 193 17 12 193 26 13 199 19 18 198 15 14 194 18 13 198 22 19 199 18 19 199 12 12 196 
42 33 184 44 30 185 46 27 184 41 32 183 42 26 181 43 22 179 46 32 187 46 28 183 49 26 184 
20 22 177 23 25 180 32 20 180 25 23 177 26 22 177 25 24 180 31 20 182 35 24 186 32 24 178 
42 24 179 49 31 184 49 29 182 47 25 184 49 27 186 45 23 182 47 23 185 45 21 185 50 26 190 
50 27 185 42 21 174 43 22 174 47 26 182 43 23 176 45 26 175 34 20 175 37 22 173 42 26 173 
43 22 201 46 30 207 35 25 201 42 21 200 45 23 201 42 22 199 38 19 198 48 23 203 49 22 202 
40 22 193 14 24 195 18 25 196 35 15 188 14 22 193 19 26 197 40 17 193 20 18 191 20 20 192 
48 29 202 46 27 200 41 22 195 40 23 198 41 22 195 44 21 195 36 21 196 44 23 199 49 24 198 
37 20 195 43 28 203 37 25 197 43 23 199 50 34 206 42 28 200 43 23 196 48 29 202 41 25 196 
47 30 197 47 29 196 48 30 197 45 27 198 44 26 197 46 27 196 42 25 200 44 24 200 46 26 199 
56 23 197 37 22 197 40 26 198 52 22 195 44 22 201 43 23 199 37 25 197 40 24 196 38 27 197 
44 27 195 40 23 191 46 17 186 41 19 191 40 18 190 60 19 194 50 24 196 51 23 196 62 17 197 
57 35 194 59 35 195 54 28 188 53 31 190 53 29 189 50 24 184 48 28 187 50 28 187 48 24 184 
40 32 187 33 26 190 34 27 192 42 31 188 39 28 190 30 18 184 45 30 188 43 28 189 38 23 185 
59 41 200 49 27 186 54 27 190 60 42 201 54 31 193 51 24 187 50 32 193 53 29 191 49 22 186 
67 45 181 62 35 179 61 34 184 67 42 180 63 35 178 64 35 182 64 37 181 62 33 180 62 33 183 
43 31 183 39 27 187 40 25 187 49 37 187 40 25 183 38 22 183 49 37 185 40 26 182 36 18 179 
57 37 196 51 34 191 47 33 189 50 31 188 49 32 189 52 34 193 43 27 182 51 34 191 49 31 192 
33 19 205 30 22 206 16 20 199 32 21 208 25 23 207 6 15 196 13 23 200 20 27 206 11 17 200 
34 22 202 26 19 200 19 16 196 33 18 199 31 18 200 32 23 203 37 18 199 34 17 198 38 23 204 
14 22 193 23 23 195 25 18 193 16 22 195 19 23 195 25 25 197 16 20 198 16 23 197 19 25 198 
50 32 191 52 38 194 45 31 187 48 34 192 45 34 190 45 35 189 36 28 188 32 28 183 37 33 188 
46 26 185 46 24 183 57 26 189 49 31 190 49 29 188 73 43 202 46 30 191 47 29 190 76 47 204 
46 32 190 48 33 191 44 27 184 50 31 188 56 35 192 54 32 188 56 35 191 52 29 187 54 31 189 
42 33 183 46 37 187 45 36 186 44 36 183 48 39 189 48 36 190 45 38 183 52 41 191 50 35 193 
51 30 192 53 28 192 56 29 193 52 31 193 55 30 194 57 30 194 53 32 194 55 31 193 58 31 195 
23 35 199 22 32 196 28 34 201 20 35 198 21 33 197 25 34 198 20 35 198 23 36 198 23 34 196 
23 28 191 24 23 193 31 24 199 25 27 192 27 24 194 31 24 199 31 31 199 30 27 197 31 24 199 
15 19 191 21 25 197 21 25 197 18 22 195 17 20 195 21 21 199 18 22 195 10 13 188 17 16 196 
33 29 194 33 29 195 20 20 186 38 31 196 32 25 192 17 13 179 35 29 194 29 25 190 16 14 180 
48 24 166 51 23 166 55 22 166 55 20 170 59 21 171 63 23 172 45 22 166 48 22 169 47 19 166 
35 25 169 32 23 167 34 28 169 38 25 165 33 22 162 37 28 168 35 23 165 34 22 164 38 29 170 
23 12 162 24 16 163 30 23 168 26 14 166 23 14 164 27 18 168 34 19 171 27 14 166 29 17 169 
34 22 172 30 18 170 28 16 168 33 19 167 29 14 165 30 14 169 36 20 162 33 15 162 34 15 164 
39 22 163 41 12 161 44 18 166 44 28 170 51 19 167 47 18 165 39 22 167 55 22 167 55 22 167 
45 27 198 45 26 197 41 23 194 49 31 202 53 34 205 48 29 200 51 33 204 57 39 210 50 31 200 
44 26 193 49 29 196 51 28 196 38 25 193 42 25 193 42 24 191 32 23 193 35 22 190 39 22 190 
43 23 199 42 22 199 39 26 196 41 23 194 40 22 193 34 27 196 47 31 196 42 25 192 26 26 194 
55 22 196 50 14 190 63 27 205 50 20 193 55 21 199 62 27 207 46 19 189 54 22 200 52 20 198 
39 26 188 41 28 190 38 25 187 41 27 192 39 25 190 37 26 190 46 27 196 45 26 195 46 29 194 
32 17 175 38 24 180 40 23 180 50 28 187 45 24 181 46 23 181 38 15 173 43 17 177 41 15 175 
40 31 182 46 32 187 46 28 183 41 29 183 43 29 184 41 24 181 40 30 184 41 31 185 42 31 187 
35 31 186 38 32 187 35 26 183 30 26 185 33 25 185 34 23 180 28 22 183 34 23 185 41 25 186 
34 17 180 31 17 182 28 21 185 26 15 177 25 16 180 27 24 187 22 18 177 19 17 177 21 24 183 
30 26 162 34 34 148 43 50 135 32 20 174 32 24 161 43 41 147 41 22 168 46 27 173 45 27 164 
31 23 200 18 12 191 20 15 196 29 21 198 19 15 194 15 12 192 34 23 203 23 16 197 14 10 193 
34 18 196 42 21 200 45 23 201 30 18 196 38 19 198 48 23 203 25 19 198 36 19 200 43 18 200 
27 16 202 31 17 202 33 17 202 22 13 200 23 9 197 34 17 204 45 19 196 42 15 195 46 20 204 
18 18 188 19 19 189 14 20 193 24 22 196 26 21 196 23 24 198 27 19 196 35 27 204 15 18 193 
20 14 203 15 11 200 17 11 200 25 17 208 20 13 204 19 11 202 32 23 217 30 19 213 27 14 206 
43 22 191 47 26 195 46 26 193 39 20 189 51 30 199 53 32 201 35 18 186 41 22 191 46 25 194 
41 22 193 38 19 190 44 24 197 41 22 193 44 22 194 42 19 193 39 18 187 46 24 196 42 20 192 
37 23 195 38 26 198 30 22 193 34 18 195 37 26 202 22 13 187 31 18 193 32 22 196 25 19 192 
50 27 196 51 28 197 47 24 193 49 26 195 51 30 199 44 23 192 45 27 194 46 28 195 43 25 192 
31 25 190 29 28 192 31 24 189 33 26 191 32 26 191 35 25 191 37 25 191 32 22 188 41 27 193 
55 32 190 60 32 191 63 29 190 50 28 187 53 27 187 57 24 185 44 26 185 49 26 188 50 23 186 
41 32 196 45 31 196 48 31 198 34 29 192 40 30 196 45 31 197 37 34 197 43 36 200 41 30 194 
22 24 188 23 23 189 26 25 189 35 15 182 30 17 187 32 23 197 37 14 182 32 14 185 30 18 190 
40 27 195 43 28 196 45 28 196 35 25 192 42 29 197 42 24 195 36 26 193 42 32 199 42 27 195 
46 30 201 49 35 207 31 22 193 41 26 194 44 34 201 37 30 199 37 25 191 39 33 198 37 36 200 
24 39 166 22 35 163 27 34 167 25 40 166 23 36 164 27 32 165 30 33 168 30 29 169 36 32 175 
32 32 178 36 36 182 29 29 177 24 34 175 25 32 173 21 26 165 23 33 174 26 33 172 24 29 168 
37 28 169 46 32 174 47 30 171 39 27 169 47 31 172 49 30 171 25 34 168 32 33 173 37 30 175 
31 27 170 33 23 167 38 26 168 31 27 170 32 24 165 38 27 167 24 23 163 28 24 160 32 25 159 
26 28 170 30 32 174 28 33 172 27 29 171 27 31 173 27 31 173 30 31 175 30 31 175 27 31 173 
44 60 196 46 62 198 41 57 194 50 61 199 48 58 196 46 56 194 49 60 198 49 59 197 49 56 195 
41 59 196 44 56 198 43 51 194 43 55 197 46 54 197 37 41 184 47 53 196 50 52 194 52 47 192 
55 62 203 55 59 201 50 54 196 52 61 202 54 63 204 54 61 202 43 53 194 56 65 206 51 61 199 
41 53 195 43 55 197 36 48 190 44 53 197 48 57 201 47 56 200 45 54 198 45 54 198 43 52 196 
53 63 201 49 53 201 53 53 197 51 59 203 47 52 205 55 55 199 43 49 198 48 49 207 46 47 191 
41 29 159 38 26 156 34 22 152 42 26 157 41 25 156 35 21 152 42 26 157 42 26 157 35 21 152 
45 31 157 48 31 158 48 29 156 39 28 154 40 28 154 40 26 151 35 31 156 37 29 153 37 27 151 
33 22 144 39 28 150 35 28 149 36 27 148 39 30 151 33 28 151 39 30 151 37 29 153 36 31 154 
29 31 156 30 26 151 38 28 152 29 32 160 27 24 150 33 25 150 32 35 163 31 28 154 32 25 152 
49 34 156 51 34 155 47 29 152 47 36 158 45 32 154 42 28 153 44 33 155 44 33 157 46 32 157 
36 28 159 39 28 162 38 30 155 44 30 165 41 27 162 37 28 155 42 28 160 41 26 161 42 32 162 
34 27 154 38 31 158 34 28 153 32 28 154 36 32 158 28 24 150 32 28 153 34 31 157 26 22 148 
39 30 157 39 26 158 42 28 160 42 26 157 40 23 158 41 26 161 38 20 151 37 17 153 37 21 158 
45 29 154 43 26 153 43 26 153 45 29 154 44 28 153 45 29 154 41 30 152 43 29 154 45 31 156 
41 30 154 40 28 146 43 33 140 35 26 147 36 27 147 40 34 147 38 32 151 33 30 146 37 34 149 
34 50 193 35 52 192 32 50 191 33 46 192 38 52 195 33 49 192 32 45 191 38 51 197 34 47 193 
40 49 190 46 58 192 45 58 188 40 52 194 44 56 198 43 56 196 38 54 197 40 54 202 39 53 201 
33 59 197 28 54 192 23 49 187 34 63 202 26 55 194 21 50 189 34 59 193 32 53 185 34 52 183 
33 57 193 32 56 192 34 55 194 37 56 193 36 55 192 41 62 201 42 58 195 38 57 194 42 63 202 
35 45 192 39 47 194 45 49 197 45 54 198 45 52 199 38 45 192 41 51 193 43 52 196 34 42 189 
33 53 194 35 58 198 39 52 192 33 56 195 35 56 195 24 56 185 31 54 193 30 55 195 26 58 188 
32 44 192 31 42 193 31 41 189 32 43 187 37 48 192 38 48 190 36 49 187 42 53 191 42 53 187 
40 52 178 36 44 121 29 39 103 45 55 186 38 42 123 29 37 104 37 48 182 34 36 124 29 35 106 
48 60 196 52 64 200 34 46 180 51 61 198 50 60 197 38 49 183 49 56 195 48 56 193 39 48 182 
82 74 191 91 83 200 85 82 198 79 75 194 84 80 199 79 77 196 73 76 198 77 80 202 75 76 198 
59 47 195 64 56 203 60 57 202 66 54 204 63 55 202 61 55 202 63 51 201 55 45 192 56 48 195 
54 45 179 60 53 190 59 53 194 53 49 185 62 59 198 56 54 197 48 48 186 55 55 193 56 54 197 
63 43 202 58 35 197 60 37 199 61 48 204 53 38 196 57 39 198 56 54 204 55 47 201 55 47 202 
53 46 191 58 50 197 67 52 203 69 57 209 62 59 198 68 60 201 65 53 207 52 53 193 62 56 197 
47 41 196 50 41 198 38 29 186 63 55 210 55 46 203 36 28 188 77 53 209 75 50 202 63 47 194 
28 28 166 29 25 160 32 28 164 25 25 163 29 28 161 28 26 162 28 28 166 28 30 162 25 24 158 
33 29 164 27 25 161 27 25 161 32 28 164 28 25 164 30 27 166 34 30 166 29 27 163 30 27 166 
31 33 175 29 31 173 28 31 170 29 31 173 27 31 173 27 31 173 26 30 172 26 30 172 25 32 173 
39 35 171 38 34 170 36 29 166 30 31 165 30 31 165 31 29 165 26 30 165 28 31 166 34 34 172 
18 18 164 21 18 164 28 22 169 20 21 165 21 21 165 28 24 167 24 27 166 22 23 163 23 22 162 
17 19 157 25 28 156 31 31 149 18 18 156 28 30 155 33 34 146 20 17 156 27 27 151 33 31 137 
33 23 160 35 23 159 29 24 153 22 22 160 26 26 162 22 21 154 23 21 157 22 20 156 21 20 153 
30 25 154 30 25 154 30 25 158 35 27 157 34 27 154 31 27 156 38 30 161 35 27 157 32 28 154 
51 51 199 62 56 203 54 51 196 52 56 204 52 50 199 53 52 198 38 45 192 42 46 195 49 53 201 
45 43 192 54 47 198 61 52 203 44 42 191 48 41 192 57 48 199 48 44 193 51 45 194 50 44 193 
20 27 168 18 27 168 20 29 170 21 25 167 20 24 166 23 29 172 24 26 168 24 26 168 29 30 174 
24 33 174 25 36 170 29 44 170 23 29 172 27 38 172 25 41 164 35 31 166 33 33 169 23 28 167 
30 34 176 26 30 178 26 30 178 28 35 174 29 35 178 27 35 179 25 35 173 25 34 175 25 35 177 
25 35 173 28 33 172 28 30 172 27 35 172 29 32 170 26 25 165 30 36 171 30 33 168 29 26 165 
19 23 165 22 25 164 20 25 148 21 25 168 23 24 166 24 24 148 23 24 168 24 24 162 25 25 143 
41 32 152 41 32 152 41 37 156 41 36 151 39 36 151 40 39 155 36 39 154 33 32 148 41 38 154 
30 32 164 35 36 158 39 40 150 26 26 156 37 37 161 35 35 149 29 28 156 44 45 167 37 38 152 
42 37 152 43 40 150 43 42 146 34 34 152 38 39 153 42 45 154 27 33 152 30 37 154 38 43 158 
42 34 151 42 32 162 41 33 164 44 35 155 43 33 163 41 33 164 48 36 156 47 35 161 46 37 164 
40 38 158 41 36 157 41 33 157 43 38 161 47 39 163 46 35 161 45 37 162 48 37 164 49 38 165 
58 65 188 59 66 189 60 65 188 58 65 188 59 64 187 63 65 189 59 64 187 63 65 189 63 65 189 
81 87 160 89 89 173 79 75 171 82 89 162 93 96 181 78 76 176 84 94 164 93 97 185 78 78 178 
53 71 186 53 68 191 51 66 189 52 69 186 54 67 189 52 65 187 48 65 185 56 67 189 54 65 187 
68 67 187 67 66 182 70 70 184 67 69 177 70 73 178 72 75 179 64 70 153 56 60 143 55 59 140 
62 65 193 57 59 184 58 60 185 59 65 192 56 59 187 56 60 185 53 62 189 56 63 190 52 59 186 
16 28 192 18 31 193 21 34 196 17 32 195 20 35 198 20 35 198 12 31 196 16 35 198 19 36 199 
22 25 193 23 28 197 23 28 197 13 34 186 12 30 185 11 28 185 14 35 194 13 32 191 12 30 191 
33 34 198 38 37 200 29 28 186 23 26 188 30 30 190 33 30 186 35 35 201 27 26 190 30 29 193 
28 38 199 25 40 197 14 33 190 26 37 199 25 36 198 22 36 196 19 31 195 21 31 195 23 34 196 
8 31 187 17 39 195 20 41 200 11 33 189 16 35 192 23 42 201 22 39 196 21 37 197 25 39 199 
14 32 193 25 44 203 22 39 196 22 37 194 27 42 198 23 41 196 32 37 190 35 41 194 27 37 191 
34 37 195 35 33 193 35 27 188 33 33 193 28 28 188 32 27 190 29 32 191 26 29 191 25 27 191 
29 29 189 27 29 191 25 29 194 27 30 189 23 24 188 27 29 194 32 35 193 24 27 186 29 31 195 
32 30 190 33 33 193 33 33 199 30 27 190 31 30 193 29 31 196 29 25 190 32 30 196 31 29 195 
33 34 192 41 36 195 46 38 198 42 38 197 45 40 199 45 35 195 43 39 198 48 43 202 44 38 199 
34 29 204 33 36 205 28 35 198 33 29 202 35 40 202 29 36 193 29 34 197 38 41 200 36 38 193 
21 28 199 28 32 204 31 29 202 25 30 199 31 31 201 35 32 202 29 33 198 30 32 197 34 32 198 
37 39 201 34 37 196 30 33 191 31 34 202 30 35 198 23 31 192 25 29 201 26 32 199 26 35 199 
30 28 188 30 28 188 37 32 195 33 26 191 37 28 192 41 32 196 41 29 195 46 32 198 50 34 199 
16 27 189 23 36 198 18 27 194 19 27 194 24 31 200 31 35 207 22 26 198 24 28 201 29 30 204 
37 25 179 38 26 186 40 29 193 39 36 182 35 33 183 32 30 184 43 41 190 37 33 188 31 28 184 
28 33 188 24 32 186 24 31 188 30 34 189 32 36 191 28 32 187 31 36 193 25 30 185 27 35 189 
30 34 193 36 37 195 36 33 189 23 28 191 26 27 191 35 32 195 24 28 193 24 26 191 31 31 197 
32 25 192 29 22 191 38 31 200 29 27 193 25 22 191 37 34 203 24 24 190 20 20 186 34 34 202 
27 24 187 30 25 188 36 30 195 30 27 190 33 30 193 35 30 193 32 27 188 35 30 193 30 23 187 
39 42 187 40 42 190 37 41 190 35 35 183 42 41 191 43 44 194 40 39 189 44 41 194 41 41 195 
38 45 192 39 46 193 38 46 193 36 46 194 39 49 197 38 48 196 34 48 198 33 47 197 32 46 196 
31 50 201 30 50 199 31 52 197 28 44 197 24 43 194 28 48 197 26 41 197 25 41 194 29 46 197 
27 54 198 25 51 199 21 46 196 22 49 190 29 55 199 20 45 191 29 51 193 23 47 191 20 44 188 
36 39 197 40 46 199 42 48 197 36 41 193 38 43 195 44 48 197 39 48 182 38 44 187 47 46 196 
60 51 215 33 22 184 42 31 193 41 32 196 41 30 194 49 35 200 46 37 201 45 34 198 46 32 197 
21 33 193 21 31 192 29 37 198 17 38 197 14 30 190 21 35 195 23 38 195 19 38 195 19 40 199 
29 44 200 31 46 202 35 50 206 30 43 199 35 48 204 38 52 205 34 43 200 40 50 204 43 53 207 
45 42 205 46 40 201 46 38 199 41 37 202 39 35 200 41 36 199 33 34 198 39 38 202 36 35 198 
41 40 203 34 37 199 33 43 204 41 39 199 42 46 205 34 46 204 47 46 202 35 43 197 34 48 201 
29 41 197 33 43 197 33 44 196 24 36 194 27 38 196 35 47 203 20 34 194 23 35 195 41 52 210 
12 45 194 12 42 197 21 41 202 18 47 198 21 45 199 24 43 200 23 45 201 24 43 200 28 46 201 
18 38 203 15 35 200 13 32 197 7 29 194 11 33 198 15 35 200 13 33 198 15 35 200 12 32 197 
4 36 195 7 34 192 6 34 195 7 36 195 10 41 192 10 41 198 12 36 196 9 44 188 9 43 196 
25 47 203 14 39 195 9 37 192 24 41 198 20 42 198 14 39 197 16 31 188 17 36 195 14 36 195 
29 32 194 27 29 193 26 31 194 26 31 194 19 24 187 25 31 196 27 31 196 19 25 190 21 27 192 
22 22 192 26 25 195 30 30 200 17 20 188 22 23 191 29 30 198 15 20 183 20 20 186 29 28 192 
38 39 191 37 38 190 34 36 191 36 39 191 34 34 188 36 38 193 34 35 193 32 31 189 33 33 193 
33 35 190 28 33 188 31 39 193 34 33 191 27 27 187 24 27 189 34 30 189 29 28 186 24 29 186 
20 25 188 31 24 193 33 26 193 19 26 189 25 21 187 31 24 191 20 30 194 22 21 184 29 25 190 
80 84 203 78 78 202 75 75 199 85 87 205 82 80 204 80 78 202 85 85 203 82 79 202 81 78 201 
74 76 194 82 84 202 82 82 198 78 83 198 85 88 203 79 81 199 74 82 195 79 84 199 84 86 204 
88 82 201 88 80 204 85 79 204 83 81 201 82 79 202 88 82 207 76 78 202 79 79 203 93 89 214 
72 78 205 71 76 199 77 76 196 73 84 206 67 75 196 76 78 196 68 82 202 65 75 193 73 76 198 
70 65 196 64 61 194 61 60 193 62 62 192 57 57 187 57 59 191 64 64 194 59 59 189 60 60 190 
69 51 194 58 42 184 80 65 210 63 47 194 68 52 199 68 55 201 62 51 197 67 56 202 58 48 194 
68 48 191 70 48 196 70 45 195 67 51 193 63 45 192 60 40 189 60 51 192 59 46 192 60 46 194 
54 49 194 51 51 197 42 47 192 55 52 198 51 54 199 43 48 193 50 48 197 46 48 196 48 52 200 
57 58 192 58 57 191 53 48 187 57 57 193 55 52 191 51 45 186 59 60 200 62 59 199 59 53 196 
68 54 189 77 64 196 73 59 190 71 57 189 77 61 198 74 57 198 69 56 188 71 55 197 70 51 200 
62 64 206 58 59 199 57 56 196 56 60 202 59 61 203 58 59 199 53 57 200 53 54 198 54 55 197 
56 56 192 62 63 197 57 58 192 58 58 194 58 61 196 61 64 199 64 64 200 61 64 199 63 66 201 
60 57 203 62 61 201 62 59 198 65 57 194 76 57 203 63 54 198 70 63 202 75 58 203 61 54 199 
67 57 194 63 55 192 65 59 194 67 55 197 80 68 210 64 55 196 60 50 196 61 53 200 57 49 196 
57 51 198 62 57 202 52 53 195 62 57 202 65 61 204 53 54 196 60 56 199 61 59 202 56 57 201 
71 64 191 72 65 192 79 74 205 73 65 195 75 67 197 81 75 206 74 66 196 76 68 198 76 68 199 
92 75 202 89 72 199 87 73 199 89 72 199 85 68 195 87 73 199 88 74 199 88 74 200 82 68 194 
85 71 207 90 79 206 91 80 207 86 70 208 89 76 204 89 76 204 85 66 207 85 70 198 83 70 198 
91 82 193 84 70 196 83 70 202 95 80 202 89 70 203 78 64 199 88 67 193 86 65 197 80 63 198 
84 72 198 81 69 195 79 68 192 89 77 203 90 78 204 88 76 202 84 76 206 87 77 207 87 78 205 
77 71 202 81 73 198 79 72 193 68 64 190 76 68 192 76 72 191 78 71 198 82 77 200 81 81 199 
91 75 200 83 69 194 82 71 195 87 76 198 80 69 191 82 71 195 81 76 197 77 72 195 79 74 197 
70 70 194 59 59 183 77 79 203 78 76 196 73 72 192 87 88 210 85 77 201 81 76 199 86 83 206 
77 82 205 76 81 204 72 77 200 73 80 203 74 79 202 75 77 201 73 80 203 71 76 199 75 77 201 
79 75 200 81 75 200 85 77 202 80 76 201 80 76 201 81 75 200 78 74 199 77 73 198 76 72 197 
112 98 223 117 106 228 121 112 232 119 108 230 116 107 227 119 112 227 118 108 232 117 108 228 115 108 223 
117 97 220 130 106 230 113 95 224 116 93 221 112 84 214 109 93 224 105 81 205 117 93 219 113 109 228 
98 94 230 101 94 229 104 92 222 97 92 225 93 87 218 98 88 218 92 87 216 108 103 232 117 110 237 
108 98 218 113 100 222 113 100 222 103 95 219 105 95 219 111 100 226 101 97 222 106 99 226 108 99 226 
123 114 231 120 109 231 120 109 233 122 112 232 126 115 239 114 103 227 108 98 218 108 97 221 115 101 227 
103 89 201 88 72 184 97 81 193 97 83 195 95 77 190 102 84 197 73 76 184 90 90 198 84 81 190 
87 74 190 91 78 194 92 76 193 86 75 191 92 79 195 89 76 192 90 80 194 94 81 196 90 77 192 
95 94 198 100 99 202 89 89 197 92 88 193 95 92 195 93 93 201 91 87 193 92 89 192 93 93 199 
94 77 182 98 83 188 112 101 205 97 80 185 103 88 193 109 98 202 99 84 189 108 94 199 104 93 197 
89 78 202 85 77 201 84 79 202 86 75 199 84 76 200 85 80 203 90 81 202 87 80 201 84 79 202 
101 111 199 103 112 202 98 105 198 105 113 203 96 103 196 86 92 187 106 109 207 99 102 200 125 126 224 
107 106 204 112 114 209 107 109 203 112 113 211 123 129 224 103 110 203 112 116 211 137 145 238 127 135 228 
112 108 211 112 108 211 120 116 219 111 106 205 125 120 219 135 129 230 113 109 204 111 107 203 107 102 201 
100 97 200 107 102 207 109 104 209 102 97 202 104 96 203 112 105 210 108 102 209 111 103 210 123 116 220 
65 63 193 62 61 194 58 60 192 65 62 195 58 57 190 57 59 191 60 59 193 57 58 192 56 60 192 
49 56 195 55 63 200 54 62 199 46 53 192 53 61 198 55 61 196 50 57 196 54 60 197 50 56 191 
58 57 197 64 60 203 63 59 202 63 62 202 59 58 198 60 58 201 61 61 199 62 62 198 57 57 193 
62 64 196 62 62 198 53 56 195 54 54 192 58 57 197 57 60 195 55 57 195 64 65 205 53 56 190 
55 55 191 58 58 194 61 61 197 52 54 192 57 60 195 57 60 195 45 48 186 53 59 196 50 56 193 
58 60 192 59 61 193 61 63 195 57 60 194 55 59 191 54 58 190 58 63 196 56 61 194 55 60 193 
64 62 205 55 56 196 57 60 199 60 58 201 52 53 195 56 58 200 53 54 196 49 51 193 52 56 198 
54 56 198 57 59 201 53 54 196 50 54 196 55 57 199 52 54 196 50 55 194 55 58 197 52 54 196 
41 51 193 40 52 194 41 53 195 46 55 199 44 53 197 44 53 197 44 52 196 45 54 198 45 54 198 
46 54 191 48 56 193 44 57 203 45 49 192 50 51 195 47 55 199 49 53 196 49 53 196 48 55 196 
51 57 192 50 51 191 55 56 196 48 55 194 50 51 193 50 51 193 49 53 201 53 53 197 53 53 197 
84 73 200 86 77 204 75 68 195 86 73 201 82 71 198 79 70 197 80 67 195 84 73 200 79 70 197 
77 72 195 78 73 196 76 73 196 82 74 198 81 73 197 82 74 198 87 79 203 88 78 202 91 81 205 
76 72 197 73 70 193 81 76 199 76 71 192 78 72 191 94 89 212 77 68 189 80 71 191 80 75 198 
78 71 205 83 76 210 84 79 210 84 72 202 82 72 202 82 75 202 84 72 198 81 69 195 79 68 192 
85 75 205 80 68 198 88 74 206 80 70 200 85 73 203 86 72 204 81 69 199 87 73 204 89 75 206 
55 41 207 50 42 197 53 50 203 55 42 198 50 38 198 50 43 207 58 43 204 47 34 196 43 36 201 
50 33 208 50 39 209 45 38 205 46 32 204 48 39 209 34 30 196 40 37 206 41 35 206 34 28 199 
36 29 204 36 29 204 34 29 204 35 25 202 42 34 211 38 32 209 38 27 207 42 33 213 33 29 208 
51 36 204 50 30 206 50 33 208 54 38 209 55 35 211 56 35 211 52 36 207 58 37 213 60 37 213 
38 39 207 49 33 204 47 27 200 45 34 204 47 31 202 50 30 203 50 29 198 40 27 197 48 29 202 
64 31 206 50 35 203 50 35 203 63 29 207 55 37 204 50 33 200 55 32 208 54 42 208 46 34 200 
33 41 194 40 50 198 35 37 191 38 43 196 42 43 193 39 32 189 45 41 196 49 41 196 46 30 191 
28 35 204 30 33 202 38 36 209 27 25 198 29 23 196 41 31 207 34 25 199 31 20 196 40 27 203 
53 39 205 61 46 204 59 42 209 45 38 205 57 42 203 50 33 201 45 42 211 55 39 204 48 30 201 
102 95 206 99 92 203 95 88 199 97 91 202 97 91 202 91 84 195 105 105 213 109 106 215 111 105 216 
56 60 202 59 61 203 58 59 199 53 57 200 53 54 198 54 55 197 51 57 200 53 54 198 55 55 199 
83 72 199 79 68 200 69 60 194 77 64 196 70 58 194 68 58 194 67 60 197 66 59 196 69 62 199 
60 61 201 64 65 205 63 65 203 62 65 204 62 63 203 61 62 202 56 60 202 62 64 206 58 59 199 
66 56 200 63 55 196 58 52 193 73 60 205 65 55 199 61 52 196 76 61 206 68 55 200 67 57 201 
72 59 197 73 61 197 72 60 196 80 66 202 75 63 199 74 61 199 68 62 197 63 56 193 64 57 196 
54 61 202 47 56 190 49 52 190 57 64 211 49 59 196 50 54 196 43 48 200 44 53 197 50 55 200 
95 89 200 85 81 194 87 82 197 94 91 201 85 81 194 88 83 198 89 86 196 78 74 187 84 79 194 
99 82 197 93 77 194 97 81 198 95 79 196 92 76 194 92 78 196 94 81 197 94 80 198 92 80 200 
87 86 189 87 89 191 88 88 194 82 84 186 85 90 189 82 85 190 86 80 191 84 81 190 80 80 188 
95 82 197 98 86 198 99 86 201 90 81 197 93 84 200 95 86 202 89 81 198 92 84 201 93 86 201 
70 70 184 78 78 194 76 76 192 86 86 200 76 77 191 81 81 197 84 85 197 83 84 196 81 82 196 
81 88 191 98 100 208 87 89 197 74 83 186 90 93 201 88 91 199 79 83 201 78 89 201 77 86 197 
87 84 187 92 88 194 91 88 197 92 89 192 95 91 197 96 93 202 100 96 201 97 94 203 100 98 211 
91 90 200 90 87 197 89 85 198 91 93 201 88 88 196 88 87 197 85 91 198 85 88 196 89 92 200 
76 76 192 75 75 191 76 77 191 88 88 204 77 77 193 81 83 191 91 91 207 80 80 196 77 77 183 
102 110 204 99 109 203 98 97 193 100 108 202 108 118 212 99 102 200 88 94 189 105 113 207 102 108 205 
105 104 207 105 103 203 109 107 207 101 103 205 103 102 205 107 107 207 96 100 202 99 101 203 98 97 200 
112 114 216 106 108 210 95 99 201 113 114 218 105 106 210 99 100 204 116 116 222 112 112 218 101 100 204 
55 49 204 67 53 208 60 42 197 52 48 203 63 50 206 60 42 197 46 45 201 60 49 205 61 42 199 
39 44 201 34 39 194 46 45 201 38 47 204 32 44 200 38 42 197 38 49 207 36 47 205 34 39 196 
46 28 199 57 39 210 58 44 210 43 32 202 42 30 202 62 39 207 41 34 201 38 31 200 64 32 203 
22 26 191 29 29 195 41 39 205 26 28 190 29 31 193 44 40 205 32 34 189 37 36 194 45 40 201 
34 33 197 29 34 196 30 38 199 35 34 198 28 33 196 28 35 198 41 36 199 29 31 193 30 34 199 
85 77 191 91 83 197 92 86 199 92 83 194 90 83 194 88 82 193 97 88 198 96 90 199 89 84 193 
100 99 203 101 99 205 97 97 203 103 100 210 105 101 214 96 94 207 103 98 213 99 93 210 99 96 212 
56 46 193 57 46 196 60 48 198 59 45 193 63 49 197 67 50 201 62 42 191 69 47 196 71 48 200 
61 49 201 64 46 199 70 44 198 56 49 200 59 43 198 75 53 209 58 48 202 56 39 196 77 52 210 
51 42 193 54 48 197 54 51 197 56 43 195 55 44 194 57 49 196 61 43 196 61 44 195 66 50 198 
55 41 199 50 39 196 43 32 189 56 41 199 50 35 196 43 31 191 58 37 199 50 34 195 49 34 195 
58 40 201 65 44 206 69 46 208 61 38 200 63 39 201 61 37 199 62 38 200 60 36 198 62 38 200 
87 85 204 90 87 202 85 81 194 86 86 202 88 88 202 77 75 188 86 90 203 85 89 201 89 91 203 
90 86 187 99 94 199 101 95 204 93 83 190 100 91 201 99 90 200 94 86 193 100 94 203 99 92 203 
101 88 203 100 88 200 101 91 198 99 87 199 100 90 197 102 90 196 100 87 195 103 91 197 103 92 194 
79 79 197 79 80 202 79 79 197 78 79 199 76 78 202 80 75 198 89 86 189 82 82 182 79 80 190 
78 76 196 82 77 198 89 83 200 84 78 195 85 78 193 90 81 191 94 84 198 100 87 197 89 72 175 
78 76 196 82 77 198 89 83 200 84 78 195 85 78 193 90 81 191 94 84 198 100 87 197 89 72 175 
96 127 128 84 122 110 96 142 113 90 128 110 113 160 121 118 173 110 114 159 116 128 185 117 116 178 94 
74 58 196 67 51 189 76 59 200 77 59 196 73 54 193 72 56 194 75 56 195 70 51 190 72 56 194 
49 44 189 58 53 198 57 50 195 53 50 195 57 54 199 56 51 196 59 59 195 65 65 201 51 51 189 
65 50 202 63 52 202 61 52 202 63 51 201 63 54 204 59 53 200 61 51 198 62 54 201 57 51 198 
58 49 199 48 44 193 45 45 193 57 48 198 51 49 198 47 49 197 50 42 189 54 54 202 45 49 197 
40 35 180 35 30 175 36 34 177 36 31 176 37 32 177 36 36 174 37 33 176 36 32 175 35 38 172 
107 99 216 93 97 215 85 94 215 102 101 217 100 110 228 82 99 220 91 91 207 79 92 208 64 83 204 
54 58 177 56 55 188 49 46 186 78 82 201 58 57 190 49 50 190 83 87 206 55 57 189 49 50 190 
99 99 223 93 90 216 88 85 211 93 95 219 82 79 205 91 84 211 75 77 202 68 67 195 87 76 208 
21 41 190 33 58 204 11 38 183 17 38 190 11 36 186 11 41 189 19 34 191 22 33 191 25 34 192 
62 43 176 69 48 181 66 45 177 78 58 187 75 56 183 70 49 175 78 54 172 75 51 169 72 49 165 
89 91 199 91 92 202 91 92 204 90 92 200 89 90 200 93 94 204 91 93 201 90 92 200 95 94 204 
96 95 205 92 90 203 87 84 199 90 91 203 84 84 198 82 81 197 78 80 198 79 81 199 78 80 198 
70 71 193 74 75 197 80 81 203 72 73 195 71 74 196 62 66 185 66 68 193 73 74 196 74 70 189 
88 82 191 93 86 197 82 74 188 88 83 192 95 90 199 80 74 185 86 81 186 90 84 191 89 84 193 
86 74 186 85 75 189 80 69 185 84 75 186 88 79 190 85 75 189 80 74 183 88 81 192 86 78 192 
101 93 207 105 99 210 110 107 217 107 99 213 95 89 202 92 91 201 93 89 202 89 87 200 90 88 201 
99 100 212 100 102 214 93 95 203 103 106 214 96 102 209 101 105 210 102 106 211 95 102 205 108 114 219 
96 90 201 102 96 207 107 100 211 93 90 200 87 84 194 91 85 198 84 85 195 87 85 198 86 83 199 
91 85 202 91 90 206 86 90 202 93 88 209 90 89 209 84 88 206 82 79 202 86 87 209 79 82 204 
82 71 203 78 70 195 76 66 190 80 69 201 77 67 197 82 71 198 75 69 200 71 65 196 78 70 201 
75 68 195 74 67 194 75 68 195 79 68 195 79 68 195 76 65 192 77 66 193 77 64 192 76 63 191 
85 81 200 85 81 194 89 85 198 86 82 201 84 82 195 84 81 196 87 85 204 79 78 194 81 80 196 
96 89 200 91 85 196 94 91 201 96 86 200 91 83 197 95 89 202 101 88 203 96 86 200 94 85 201 
93 81 201 94 80 198 96 83 199 93 81 199 94 82 200 93 79 197 93 82 198 95 83 201 94 79 200 
97 88 199 95 86 197 98 91 202 89 83 194 95 89 200 101 95 206 81 77 190 99 95 208 92 89 199 
82 67 205 76 64 212 72 62 216 86 79 206 76 74 204 72 75 210 86 76 206 77 72 203 70 69 203 
64 68 193 62 66 191 59 63 188 63 67 192 56 60 185 58 62 187 62 68 193 56 62 187 58 64 191 
70 67 193 72 71 197 75 74 200 69 67 190 72 73 195 76 77 199 73 71 190 75 75 193 78 80 198 
76 74 198 72 70 194 75 73 197 72 70 194 70 70 194 75 75 199 70 72 197 68 70 195 67 69 194 
54 56 186 60 66 193 59 66 193 58 59 187 62 65 193 61 67 194 63 64 192 59 62 190 57 63 190 
66 58 189 70 62 193 71 60 194 64 55 189 73 63 199 75 62 200 66 56 193 67 60 197 67 60 197 
65 65 201 62 61 201 52 52 196 68 64 199 63 60 199 54 50 193 69 63 198 68 61 198 60 54 195 
59 56 196 60 55 194 58 53 192 58 54 189 61 56 187 60 55 188 72 67 200 73 68 197 69 63 194 
70 58 200 68 54 196 62 52 196 70 62 199 65 58 193 61 51 197 59 57 187 64 60 189 62 53 197 
54 51 197 62 55 200 66 56 200 59 56 201 62 58 201 60 51 195 60 57 202 61 57 200 61 55 196 
92 63 202 90 63 197 89 62 196 83 56 196 77 56 189 79 55 189 84 57 197 90 70 206 80 60 196 
89 56 195 99 66 205 95 62 201 91 58 196 93 60 198 100 67 206 97 64 202 90 57 195 88 55 193 
91 58 197 94 61 200 95 62 201 93 63 200 89 59 196 90 60 197 87 59 196 90 60 197 87 57 192 
72 49 195 86 63 209 71 45 192 72 48 196 85 59 206 73 47 194 85 59 206 81 55 202 76 50 197 
94 54 203 89 49 198 96 57 203 91 56 200 88 53 197 90 55 199 86 57 197 93 61 202 89 57 198 
50 38 216 62 44 221 60 34 212 50 35 216 63 41 220 60 29 210 44 30 215 62 40 223 62 31 216 
45 38 207 46 30 201 57 32 206 48 29 200 49 24 198 65 35 214 58 32 204 51 24 198 61 34 214 
46 35 215 49 37 215 43 28 210 42 33 214 45 33 217 39 25 213 39 26 212 40 25 216 34 20 215 
47 39 223 38 32 217 32 25 212 36 27 208 43 30 216 39 27 217 40 28 210 48 33 221 43 26 219 
31 23 214 37 21 212 43 23 212 29 22 213 37 26 218 44 31 223 34 27 214 38 32 221 38 32 221 
59 81 193 81 103 215 81 102 217 62 85 195 73 95 207 89 111 223 69 87 204 73 90 210 81 97 217 
41 73 198 50 79 207 51 76 204 52 81 210 50 76 206 43 65 195 46 68 203 35 55 190 34 50 186 
51 76 204 52 68 198 64 72 203 43 65 195 55 68 200 58 63 196 34 50 186 48 58 196 50 53 192 
47 61 197 51 65 201 46 62 198 48 63 196 48 63 196 50 62 196 46 63 196 52 67 200 54 69 202 
30 37 186 35 42 191 28 38 186 31 40 191 35 44 195 35 44 195 22 33 185 25 33 186 29 37 190 
70 68 192 66 67 195 65 68 196 72 69 195 66 72 197 68 74 201 70 62 193 72 68 193 77 70 197 
63 72 199 68 74 203 59 64 193 60 65 194 65 67 197 60 62 192 63 65 195 65 64 197 67 66 199 
55 59 191 57 61 193 62 66 198 65 59 190 70 65 198 74 71 204 85 67 196 97 79 210 87 71 202 
71 64 201 72 65 202 73 66 203 78 69 203 74 65 199 72 65 199 73 67 198 69 61 192 74 66 197 
39 40 204 40 39 203 39 40 204 42 43 207 44 43 207 45 46 210 41 42 206 42 41 205 43 44 208 
86 74 194 90 80 200 88 82 201 89 80 197 89 79 199 93 84 204 84 76 193 81 73 190 88 79 199 
103 90 205 100 87 202 99 86 202 99 86 201 96 80 197 94 81 197 98 85 200 99 83 200 96 80 198 
82 77 198 87 78 199 96 81 202 90 86 205 93 83 203 109 95 213 103 79 205 105 83 209 105 85 208 
89 71 202 84 68 199 90 74 205 93 75 204 87 72 200 92 77 205 95 78 205 87 73 199 87 75 201 
98 82 213 90 72 201 88 70 199 86 78 208 82 74 204 79 71 201 87 74 206 87 74 206 79 68 200 
81 69 195 87 72 200 85 71 203 86 75 199 84 69 197 86 71 206 85 73 199 87 71 202 87 72 207 
108 110 218 94 91 200 88 82 189 106 104 217 98 98 204 88 88 188 113 111 224 108 108 214 96 95 198 
109 108 212 97 97 203 90 90 196 113 114 218 98 101 205 94 99 202 125 127 229 92 97 200 94 101 204 
104 103 213 96 94 207 97 95 208 102 102 210 99 100 212 95 95 209 100 101 205 99 100 212 103 102 218 
107 100 215 94 88 201 96 92 205 106 99 214 86 80 193 95 89 202 109 103 216 88 82 195 102 94 208 
49 51 189 58 61 196 58 61 196 54 55 195 59 61 199 60 62 200 58 57 197 57 58 198 61 63 201 
55 60 192 53 58 191 54 59 192 53 57 192 53 57 192 55 59 194 48 54 191 50 56 193 54 59 198 
55 59 184 58 59 193 55 52 191 60 61 189 60 59 193 55 54 194 59 56 189 56 53 192 56 54 197 
57 59 197 60 60 196 60 60 196 53 55 193 52 52 190 57 57 193 54 57 195 52 52 190 55 52 191 
64 56 197 59 53 194 60 55 194 61 52 193 61 52 193 61 53 194 61 52 193 63 54 195 59 53 194 
31 35 170 30 34 169 27 31 166 29 35 170 27 36 170 25 31 166 25 37 169 25 37 169 25 34 167 
33 36 164 33 35 167 33 36 171 29 34 163 30 33 167 32 35 170 30 34 166 30 34 166 29 32 166 
32 32 168 35 31 166 33 28 159 28 30 168 32 32 170 29 25 160 28 31 169 35 34 174 28 26 162 
32 34 166 31 39 163 31 34 162 32 34 166 32 38 165 30 32 162 32 33 167 32 34 164 31 30 163 
36 28 159 43 32 164 40 30 160 35 29 160 42 31 163 38 27 154 38 32 163 40 27 159 38 25 153 
69 62 196 71 64 199 73 63 199 73 66 200 79 72 206 80 73 208 67 61 192 66 59 193 70 63 198 
79 68 200 80 68 198 81 68 196 74 66 197 73 63 193 75 63 193 71 64 198 72 64 195 71 63 194 
83 58 192 83 59 195 87 64 202 81 60 193 82 62 198 84 67 202 80 63 196 79 62 195 83 68 203 
85 63 205 77 60 201 71 55 196 78 62 204 74 60 202 66 54 196 77 63 205 75 63 205 64 55 196 
65 59 194 71 61 198 74 63 203 67 57 193 77 62 200 81 64 205 74 59 197 82 66 204 85 66 207 
84 85 195 83 84 194 86 85 195 87 85 191 84 84 190 91 89 195 86 83 193 89 86 196 91 85 196 
92 80 192 92 83 194 91 83 197 89 80 191 93 84 195 89 82 193 90 81 191 93 87 196 90 85 194 
89 68 191 87 66 192 90 70 193 91 69 195 88 67 194 86 68 193 95 72 200 92 65 198 89 62 196 
91 83 197 81 72 188 83 74 190 92 84 198 81 75 188 81 77 190 95 87 201 88 82 193 83 80 190 
100 96 201 103 100 203 105 104 207 104 98 207 107 101 208 105 102 212 108 99 210 102 93 204 105 100 215 
91 85 204 92 86 205 93 87 206 90 84 203 96 90 209 88 82 199 93 84 204 94 85 205 88 79 199 
78 75 201 76 71 200 83 76 203 78 79 199 79 78 198 83 82 202 80 81 201 74 76 194 83 83 201 
81 81 195 84 84 200 81 81 197 87 77 201 82 75 196 73 71 190 87 76 202 78 72 197 71 68 191 
92 84 201 95 87 204 91 82 202 86 79 200 87 80 201 86 79 200 86 81 204 86 80 205 84 78 203 
99 98 201 88 84 189 91 87 193 104 101 204 91 90 194 83 81 187 100 97 200 96 92 197 86 82 188 
62 77 203 67 78 212 78 81 215 73 76 204 80 76 201 83 80 206 75 79 204 82 78 204 82 81 209 
83 73 197 93 82 206 86 75 199 81 78 201 86 81 204 73 68 191 79 82 204 79 82 204 69 70 192 
68 73 202 65 71 198 72 74 204 71 77 204 69 75 200 75 79 204 74 80 205 70 78 199 70 76 195 
63 65 195 63 63 193 66 66 196 63 65 195 63 63 193 70 70 200 62 64 194 64 64 194 65 65 195 
93 99 206 93 112 211 89 108 207 93 99 206 86 102 202 86 101 203 89 97 204 81 94 198 83 96 200 
56 70 200 57 74 201 55 74 201 54 67 189 53 68 191 40 54 180 54 63 190 54 63 190 48 60 186 
73 69 198 71 67 196 72 68 197 73 68 199 70 65 196 70 65 196 69 64 197 69 64 197 68 63 194 
63 63 193 72 67 198 72 67 196 66 66 196 73 69 198 73 68 197 70 69 197 73 69 198 70 67 193 
