68 154 196 68 156 197 66 155 205 63 156 201 60 157 201 74 156 198 60 153 198 58 155 199 72 154 196 
72 151 194 79 154 200 80 152 199 72 151 194 75 153 196 78 153 199 77 156 199 75 154 197 74 152 198 
65 149 191 65 149 191 72 156 198 73 153 194 75 155 196 76 156 197 77 156 197 79 158 199 76 155 196 
73 149 198 73 149 198 68 148 195 69 151 199 66 151 197 61 149 195 64 150 196 63 149 195 59 150 195 
74 147 197 72 147 199 68 147 198 78 150 198 77 148 198 74 150 199 77 147 194 77 146 195 71 147 196 
77 154 203 74 150 198 76 152 200 76 152 204 73 153 200 70 152 199 67 153 199 76 158 200 65 144 187 
42 135 184 37 135 183 41 131 178 34 134 182 34 137 182 40 134 180 29 133 180 34 132 178 39 131 178 
55 137 185 55 137 185 59 138 189 58 142 190 58 142 190 58 141 192 55 143 190 56 143 193 55 142 192 
45 143 191 47 139 190 49 139 193 50 140 194 54 137 193 58 139 196 58 140 195 63 137 195 68 140 200 
47 136 186 46 133 183 44 129 179 52 137 187 47 132 182 48 131 182 53 136 187 51 134 185 51 135 183 
47 136 186 46 134 181 46 134 181 44 137 186 42 134 181 43 133 180 44 139 188 43 136 185 44 133 183 
15 135 187 18 134 187 18 132 185 17 135 187 19 133 186 21 133 186 15 135 187 20 134 187 24 133 187 
29 136 193 35 136 191 32 132 187 32 135 190 30 130 185 32 130 184 38 138 193 32 132 186 34 134 188 
39 131 180 41 128 178 40 127 177 33 127 180 36 127 178 35 124 175 30 126 180 38 128 183 35 122 178 
38 128 183 37 124 180 34 125 180 37 128 183 36 123 179 34 125 180 36 129 184 38 128 183 31 124 179 
10 126 179 19 127 181 31 126 182 16 124 178 22 125 180 26 126 181 24 124 179 23 123 178 20 124 177 
23 126 181 34 124 179 38 119 176 19 127 181 33 124 179 38 121 177 19 127 181 31 126 182 34 124 179 
30 138 185 29 135 182 32 138 185 34 138 185 31 137 184 32 138 185 40 138 186 35 137 185 32 136 183 
55 140 188 58 143 189 60 148 194 53 141 188 55 141 187 56 147 192 49 142 187 51 141 188 54 144 191 
47 145 193 46 141 190 48 144 190 45 143 191 45 140 189 47 143 189 58 145 189 51 144 189 48 141 190 
48 146 200 46 144 198 49 147 201 50 150 205 48 145 201 48 143 199 39 146 204 43 146 203 42 142 200 
38 142 201 30 140 200 22 140 199 45 143 203 40 146 207 24 138 198 46 142 202 38 140 199 32 142 202 
27 149 203 32 151 206 24 146 200 32 151 206 27 146 201 23 147 201 39 148 210 25 145 205 16 146 205 
23 152 209 27 148 204 30 148 207 19 150 207 26 149 205 28 149 205 15 150 204 23 151 204 21 147 201 
17 149 203 19 146 201 27 148 204 22 148 203 25 148 204 33 151 210 26 148 202 25 146 202 25 145 204 
33 141 199 38 144 205 27 137 195 31 142 198 34 136 195 29 138 194 24 143 198 42 142 200 35 144 200 
17 143 202 20 145 203 26 147 203 25 143 202 26 144 203 30 145 202 36 146 204 36 146 204 38 147 203 
58 153 203 60 156 209 57 153 206 57 154 204 60 157 207 58 155 205 60 157 207 61 158 208 61 158 208 
53 161 215 52 162 214 52 161 213 51 160 212 51 161 213 55 164 216 57 155 209 61 159 213 62 160 214 
70 163 218 68 161 216 68 162 215 70 160 214 73 161 215 73 161 215 70 160 215 73 160 216 73 161 215 
29 103 151 30 103 153 33 102 152 18 103 149 20 105 151 24 104 151 12 104 147 15 107 150 17 106 150 
28 103 147 30 101 145 32 103 147 33 101 146 32 99 144 36 101 146 37 102 147 38 100 146 39 99 145 
30 102 144 27 102 146 27 102 146 32 106 148 28 103 147 28 103 147 35 106 150 30 103 147 31 104 148 
22 104 151 28 108 155 25 105 152 13 104 149 18 106 153 17 102 150 12 104 151 15 105 152 17 102 150 
43 102 151 41 100 146 43 102 148 47 103 152 46 102 149 48 102 149 47 103 152 48 104 151 48 102 149 
23 133 199 29 136 204 30 130 202 17 132 199 24 135 203 30 134 205 11 133 199 12 129 198 21 132 202 
7 131 201 8 130 200 5 125 197 16 130 201 17 131 202 13 128 201 25 127 199 24 128 199 13 125 195 
27 104 150 20 101 146 17 99 146 27 105 152 18 100 147 16 101 149 24 104 151 16 100 148 13 100 150 
36 104 149 32 103 141 31 103 143 34 102 147 34 105 143 32 104 144 28 102 144 32 105 143 31 106 145 
24 103 154 27 103 152 33 95 143 28 103 155 28 101 151 33 95 143 29 102 154 27 100 150 32 99 144 
50 143 199 46 143 201 41 141 199 38 143 200 32 143 199 29 142 198 26 142 197 21 143 197 21 145 199 
53 144 199 48 141 196 43 141 195 51 144 199 50 146 200 39 139 194 46 141 197 46 143 199 38 139 194 
27 143 190 29 142 192 37 144 195 26 144 193 32 144 196 35 144 196 39 146 203 38 144 198 41 142 197 
42 145 200 35 143 197 26 140 193 43 143 198 40 141 196 32 140 194 46 141 197 42 139 195 40 141 196 
51 137 197 50 138 198 51 139 193 51 137 197 49 137 197 50 138 192 49 137 197 46 136 195 53 145 198 
39 136 199 33 132 194 34 135 197 35 130 193 35 132 195 39 136 199 39 129 194 43 133 198 45 135 200 
49 133 199 50 134 200 50 134 200 45 132 198 47 134 200 47 137 202 45 132 198 43 133 198 44 134 199 
55 140 202 55 140 202 50 135 197 60 139 202 61 140 203 55 135 198 58 135 198 61 138 201 58 139 200 
52 141 198 54 141 198 62 139 195 54 142 202 54 137 198 68 142 200 58 145 207 58 141 203 67 140 202 
67 142 204 62 142 203 59 139 200 67 140 202 63 140 202 59 139 200 65 140 202 62 142 203 61 142 203 
51 136 204 53 137 203 56 138 203 47 134 201 48 135 201 49 136 200 44 133 200 44 134 199 44 134 198 
44 137 198 43 139 199 47 140 201 52 138 198 49 137 201 51 138 202 56 136 197 55 135 200 55 135 200 
62 142 205 57 137 200 52 137 199 60 137 200 55 135 198 51 136 198 58 135 198 55 138 200 51 140 201 
35 142 200 36 143 201 36 143 200 39 141 200 36 141 198 34 141 198 42 142 201 38 141 198 33 140 197 
68 142 200 68 145 202 59 139 194 21 82 132 23 82 132 25 79 132 11 67 114 20 73 123 23 72 122 
29 129 184 18 118 172 21 119 173 36 125 182 38 125 182 40 122 180 39 123 181 40 122 180 40 121 178 
40 137 195 45 135 194 46 134 194 32 137 194 39 133 192 42 132 191 28 141 198 34 137 194 35 134 192 
30 123 179 30 120 177 31 121 178 30 123 179 31 121 178 32 122 179 37 125 179 40 123 179 39 122 178 
27 125 185 29 125 185 31 127 187 22 127 184 26 126 184 30 127 185 17 129 182 22 130 184 28 128 186 
36 127 182 33 126 181 37 128 183 38 131 186 35 131 185 28 124 178 32 128 182 30 128 182 35 133 187 
39 131 190 34 130 190 26 125 187 46 127 188 41 126 188 36 124 188 33 131 191 36 129 190 33 124 185 
38 134 194 38 134 194 35 133 193 43 136 197 41 137 197 38 136 196 36 134 194 34 134 193 33 135 194 
34 136 195 30 138 196 28 141 198 33 137 196 32 139 197 33 139 200 34 138 197 39 138 200 42 137 200 
40 143 198 41 142 197 42 142 197 50 145 201 52 142 199 56 143 200 57 144 200 62 142 201 64 142 201 
14 138 192 9 141 195 7 141 195 19 141 193 8 134 188 8 137 192 23 141 193 15 139 193 12 140 193 
55 133 202 52 133 201 51 132 200 58 136 207 56 134 205 54 132 203 58 134 206 59 133 205 58 132 204 
55 130 199 52 129 198 60 137 206 52 129 198 45 126 194 50 133 201 48 129 197 44 129 197 43 134 201 
59 133 199 63 134 201 63 133 200 56 132 198 61 135 201 60 134 200 56 134 200 58 136 202 54 132 198 
46 129 197 48 131 199 47 132 200 46 131 199 46 133 200 47 134 201 46 131 199 40 129 196 42 131 198 
56 141 203 54 141 203 50 140 204 57 139 204 54 141 205 49 139 203 62 140 206 58 138 203 50 137 201 
44 146 199 46 146 200 49 148 200 39 145 199 41 144 199 46 146 200 34 145 201 37 144 201 41 146 203 
10 148 200 15 150 202 18 148 201 12 146 200 21 148 203 23 144 200 18 144 199 27 148 204 33 147 207 
20 148 201 15 149 203 6 148 203 10 147 203 6 146 199 14 152 205 6 148 203 4 146 199 16 151 205 
40 149 203 40 147 205 45 148 210 28 149 205 29 147 206 36 149 211 19 151 205 22 148 206 29 151 211 
46 144 204 32 145 201 17 144 195 32 148 201 31 149 200 30 149 198 30 148 200 30 150 202 32 150 201 
25 143 214 21 143 213 19 146 215 28 146 217 25 146 216 22 147 215 29 143 213 27 144 213 25 144 213 
11 146 214 10 148 214 6 148 213 7 147 214 7 147 214 5 145 212 7 147 214 7 147 214 6 146 213 
6 143 212 9 149 216 15 150 218 15 140 214 18 148 217 22 149 218 24 141 216 24 145 217 23 144 214 
43 149 220 37 145 216 35 143 215 36 148 218 37 149 219 30 141 213 26 146 212 32 149 218 24 141 210 
27 152 226 19 142 216 22 143 217 26 153 222 24 144 216 29 144 217 27 154 222 28 147 216 34 146 216 
61 140 189 59 135 187 58 137 188 59 138 189 58 137 188 60 139 190 58 141 192 57 138 189 56 137 188 
49 145 191 49 143 189 46 140 186 48 144 190 45 141 187 40 139 183 47 143 189 44 143 187 40 142 185 
56 138 186 53 132 181 60 137 186 63 138 190 57 132 184 58 135 184 71 139 192 61 134 186 54 133 184 
72 153 198 69 152 197 69 155 201 68 154 200 66 154 200 67 155 202 67 152 200 70 155 203 67 155 202 
76 150 198 78 154 203 78 157 206 77 153 201 71 150 199 71 153 201 78 156 203 76 156 203 72 156 204 
53 148 217 39 155 218 39 152 215 58 152 217 36 153 214 36 151 212 61 154 215 36 152 211 35 148 210 
56 156 220 59 156 222 57 153 219 57 153 219 61 155 221 61 152 219 55 151 217 59 153 219 64 155 222 
46 157 225 46 153 221 51 154 223 43 154 222 44 151 219 53 156 225 41 154 221 43 152 220 49 156 224 
43 157 227 54 156 228 66 155 229 41 152 224 57 155 227 69 152 227 44 149 222 56 154 226 65 152 226 
55 154 222 42 152 216 35 154 216 56 155 223 44 152 216 35 154 216 57 152 221 45 149 214 37 150 213 
18 143 218 16 147 221 17 147 224 8 143 217 0 143 218 2 143 218 10 140 217 10 141 220 18 145 224 
26 136 212 21 136 211 9 139 208 34 135 213 31 135 212 15 139 210 43 136 215 43 136 215 30 139 217 
31 139 216 34 140 217 39 143 220 27 139 215 28 138 214 37 143 220 30 141 214 32 139 213 43 145 220 
56 143 235 51 141 230 45 137 220 65 138 224 66 141 227 60 140 223 55 140 226 53 141 225 47 138 219 
38 139 217 30 141 221 17 140 220 31 141 217 24 142 221 21 144 224 42 141 221 37 136 218 43 139 222 
49 134 206 53 141 212 51 139 210 52 137 209 54 139 211 56 141 213 54 139 211 54 139 211 55 139 211 
43 138 208 36 134 204 43 134 201 35 137 209 35 138 211 26 139 205 36 136 208 33 135 208 33 137 206 
53 111 176 55 113 178 53 114 176 48 115 178 52 116 180 54 116 180 47 119 183 52 120 185 52 119 182 
63 116 183 59 111 177 63 114 177 52 113 179 59 117 183 57 113 178 50 118 183 49 115 180 50 111 177 
55 118 186 52 116 181 55 117 181 53 117 182 55 116 182 54 116 180 55 119 184 55 119 184 54 116 180 
79 168 229 70 171 226 66 166 221 78 167 228 71 168 224 70 167 223 77 168 229 76 168 227 75 167 226 
88 167 230 86 165 228 85 165 228 82 169 231 80 167 229 77 164 226 78 171 232 76 167 228 73 164 225 
70 169 227 73 170 226 72 167 223 66 169 226 70 170 225 74 167 222 67 172 229 73 170 226 78 171 227 
57 170 220 55 172 223 48 173 224 58 167 221 54 170 225 44 170 224 60 166 227 54 168 228 48 171 229 
38 166 225 37 168 231 37 168 231 33 163 222 42 169 230 44 167 229 40 165 226 50 167 228 50 161 223 
105 170 209 107 169 209 108 170 210 102 170 213 102 171 211 102 171 211 95 166 210 96 168 210 95 167 209 
129 182 215 123 176 209 116 175 214 126 179 212 120 173 206 122 177 216 123 176 209 122 176 211 122 174 214 
133 178 216 136 188 229 142 193 236 121 173 209 122 176 211 127 180 217 121 173 209 118 170 206 125 179 214 
104 168 209 101 170 210 99 169 209 107 162 205 108 168 210 106 170 211 99 154 199 103 161 203 102 164 205 
124 179 218 120 175 214 118 175 214 117 176 215 117 176 215 116 175 214 116 175 215 116 175 215 116 177 217 
89 173 225 86 170 222 86 170 222 86 175 226 81 170 221 83 169 223 81 172 223 79 170 221 81 169 223 
77 175 223 80 172 223 88 174 228 87 167 226 88 168 227 88 166 225 86 169 225 89 170 227 90 168 227 
80 175 224 78 170 221 80 175 225 81 176 226 81 173 226 83 175 228 83 174 225 86 173 229 100 180 235 
82 171 221 79 168 218 85 174 224 87 172 222 87 170 221 95 178 229 92 171 220 96 173 222 101 178 227 
87 170 226 86 169 225 85 168 224 83 168 224 82 167 223 86 169 225 83 169 223 83 169 223 87 173 227 
81 162 213 82 161 212 83 159 211 81 163 211 80 159 208 80 156 205 83 165 213 81 160 209 80 156 205 
82 158 210 81 157 209 81 157 210 77 160 211 69 158 208 81 157 210 75 156 207 67 157 204 83 159 212 
69 155 207 70 156 208 67 153 205 76 156 209 74 157 209 69 153 205 76 156 209 76 156 209 72 155 207 
93 163 210 93 163 210 96 164 211 95 165 212 94 163 212 95 164 213 94 166 214 92 164 212 90 162 210 
84 159 203 87 159 207 88 160 207 90 161 205 92 159 208 92 160 205 95 160 205 94 157 207 91 158 203 
57 163 216 60 162 215 64 164 218 63 163 217 61 159 213 64 160 214 65 163 217 66 162 216 72 162 217 
76 163 213 75 164 214 69 164 214 70 159 210 71 161 215 69 162 217 71 161 216 69 161 220 66 161 217 
73 158 220 72 156 221 75 157 222 78 159 220 77 157 220 78 157 220 74 161 218 74 159 221 75 158 219 
68 162 215 66 162 215 62 163 215 67 161 214 67 161 214 65 161 214 69 163 216 70 162 213 70 162 213 
76 159 215 76 159 215 71 158 214 71 161 216 69 159 214 69 161 214 70 162 211 75 164 214 77 166 216 
117 183 232 117 183 232 111 177 226 114 180 231 112 181 231 107 176 226 110 178 231 109 179 232 112 182 235 
107 182 234 107 182 234 110 185 237 103 179 228 101 177 226 102 178 227 106 182 231 102 178 227 98 174 223 
111 177 226 106 178 226 107 183 232 109 178 227 104 180 228 103 182 231 106 178 226 99 177 224 95 174 223 
93 177 225 93 178 226 94 179 229 94 179 229 97 184 234 95 182 232 97 180 231 102 187 237 100 185 235 
115 175 229 113 179 232 111 177 230 113 176 227 114 180 233 113 179 232 105 174 224 115 181 234 114 180 233 
145 197 238 137 192 235 137 194 239 151 199 241 146 196 238 140 193 236 151 196 239 150 199 239 146 195 235 
120 181 221 127 189 230 120 181 225 134 195 235 140 200 242 127 188 232 138 200 238 133 195 235 129 192 236 
106 176 216 112 181 221 112 181 221 102 177 216 108 180 220 107 179 219 102 179 218 104 179 218 103 175 215 
86 163 220 90 164 222 90 163 221 87 164 220 92 167 223 93 167 223 90 167 223 91 166 222 95 167 221 
97 169 223 109 179 233 130 197 254 104 176 230 111 181 235 96 160 215 114 189 245 115 184 241 85 142 198 
166 206 248 175 201 247 170 204 247 157 202 239 153 203 239 160 203 242 153 205 242 150 202 238 152 199 237 
107 169 215 115 175 221 117 177 223 104 169 214 111 175 223 111 175 223 106 173 218 109 175 223 106 170 218 
153 204 247 151 200 244 155 204 248 131 184 227 132 183 226 144 194 236 125 180 225 134 187 230 142 194 235 
169 206 244 168 209 248 151 193 238 164 207 246 161 205 246 154 199 243 161 209 251 154 202 244 154 201 245 
77 159 241 72 156 238 68 159 240 55 151 234 57 155 239 58 158 240 51 153 236 57 159 242 58 160 243 
80 158 224 81 167 237 76 161 235 58 155 223 74 155 230 79 154 232 52 160 231 65 159 235 69 156 236 
85 155 248 83 153 247 80 153 245 84 157 248 88 158 251 80 158 248 78 155 242 82 156 244 74 157 242 
72 154 236 74 156 238 75 157 238 71 157 241 72 158 242 74 160 242 69 160 245 69 160 245 72 164 247 
89 152 240 88 152 237 93 157 241 83 153 244 85 153 242 84 154 243 73 149 239 75 152 239 74 153 240 
40 160 236 44 154 230 48 154 231 30 157 232 38 157 232 47 157 233 29 157 230 37 158 232 42 159 234 
55 137 195 53 135 193 54 136 194 52 136 194 47 136 193 49 138 195 46 136 193 43 138 194 40 140 195 
70 151 196 64 148 196 65 151 203 75 154 197 68 150 197 71 156 206 78 157 198 71 149 195 68 150 198 
59 139 200 60 140 201 51 140 197 63 139 198 69 142 204 53 137 195 66 138 198 70 140 200 60 138 197 
45 151 205 40 151 207 38 154 209 48 148 203 46 149 204 43 150 207 59 148 205 57 150 206 54 148 207 
57 151 216 45 144 206 49 150 212 53 149 215 52 150 214 55 153 217 47 149 214 53 153 217 54 151 215 
61 173 216 69 164 213 74 166 215 54 172 214 72 165 214 73 165 214 54 169 214 69 164 213 70 163 212 
84 165 222 80 163 219 78 163 219 76 162 216 73 161 215 72 162 216 71 162 213 70 162 211 72 164 213 
85 165 218 80 160 213 79 163 215 88 163 219 85 159 213 86 160 214 82 159 215 84 158 214 88 160 214 
52 128 194 53 129 195 53 128 196 51 131 196 49 129 194 49 128 195 49 131 196 45 132 196 40 127 191 
56 137 198 59 140 201 57 140 202 57 137 200 52 135 197 54 137 199 49 132 194 46 129 191 49 132 194 
50 134 199 47 134 198 46 134 198 47 134 198 48 135 199 50 137 201 46 131 193 54 137 199 59 139 202 
61 135 199 54 144 203 61 136 198 65 136 199 61 142 203 71 141 201 70 137 200 63 135 195 77 140 201 
44 130 196 46 132 198 47 131 197 41 131 196 41 131 196 41 128 194 33 127 193 37 128 195 42 132 197 
51 130 193 51 131 194 49 129 194 56 136 199 53 136 198 44 130 196 47 132 194 44 129 191 35 127 192 
53 133 196 50 133 195 46 131 193 42 133 194 36 132 192 35 130 193 28 131 193 24 130 191 25 131 192 
123 185 233 124 185 229 133 187 228 120 187 236 123 187 228 136 191 228 113 184 234 122 188 229 138 196 231 
116 180 228 121 183 231 119 178 228 115 177 225 117 176 225 120 177 228 112 176 224 111 174 224 114 175 225 
124 182 234 121 179 231 124 179 230 122 182 234 119 179 231 119 178 228 119 182 233 116 182 231 113 179 228 
107 173 224 107 176 226 106 179 229 114 180 231 111 182 232 107 181 229 113 179 230 112 181 230 107 179 227 
117 173 228 110 167 222 115 172 227 117 174 229 109 167 219 117 176 226 113 171 223 106 164 216 116 175 225 
133 183 213 135 185 215 141 188 219 131 187 216 130 184 214 132 184 214 128 188 218 120 177 208 120 175 206 
130 174 215 130 176 217 129 178 216 133 172 216 132 174 217 127 170 213 136 173 217 138 175 219 124 163 207 
124 185 217 129 190 222 125 184 216 126 185 217 126 185 217 126 183 215 124 182 217 123 181 216 115 173 208 
106 174 203 108 176 205 106 172 201 106 173 204 100 165 196 107 170 204 104 170 205 101 165 200 104 166 204 
112 174 204 110 174 204 108 170 200 116 176 206 113 175 205 111 173 203 117 174 206 115 174 206 115 174 206 
86 172 226 81 168 224 79 164 214 94 176 234 86 167 228 80 169 220 91 169 228 86 162 221 83 171 225 
82 172 226 78 169 220 76 167 218 84 175 226 81 173 224 78 170 221 81 171 225 82 173 224 84 175 226 
84 167 219 87 170 222 89 169 222 83 169 221 83 169 221 83 167 219 80 171 222 82 171 222 79 168 219 
87 171 223 84 170 222 84 170 222 82 171 222 81 170 221 79 170 221 81 172 223 81 173 224 79 171 222 
35 153 225 24 152 225 9 140 214 35 155 227 27 156 229 5 140 214 36 160 231 23 157 229 14 152 225 
15 157 228 20 159 232 19 152 226 22 162 231 31 170 239 21 155 225 18 157 226 22 162 231 25 164 233 
15 161 233 14 162 232 8 158 228 16 160 232 11 161 232 4 158 229 15 153 229 7 157 228 2 158 228 
22 155 236 18 154 232 18 154 232 13 156 237 11 156 235 9 157 233 5 158 237 2 158 235 3 159 236 
112 172 224 110 170 222 113 174 224 111 171 223 117 174 225 118 173 224 121 180 230 118 175 226 116 172 221 
119 171 218 115 174 220 115 174 220 124 173 221 112 171 217 114 173 219 118 170 217 114 173 219 115 174 220 
110 179 212 112 183 216 113 184 217 113 182 215 114 185 218 111 182 216 124 191 224 115 184 217 106 177 211 
131 184 221 130 185 222 128 183 220 130 183 220 129 184 221 132 187 224 130 183 220 132 187 224 139 194 231 
160 211 244 145 196 229 147 197 233 141 192 225 137 187 223 136 186 222 136 186 222 139 189 225 135 185 221 
47 164 231 45 166 235 43 166 234 39 162 228 35 167 231 23 162 225 26 162 226 20 167 229 11 164 225 
57 169 239 59 167 238 59 162 231 40 170 237 51 173 239 56 169 235 21 165 230 35 170 232 41 166 227 
29 164 232 16 162 228 23 171 237 31 166 234 20 168 234 17 171 236 51 166 241 51 166 239 45 161 232 
53 166 229 57 169 235 53 168 235 43 167 237 40 164 234 41 162 234 28 162 234 25 156 229 33 161 232 
56 166 232 56 163 230 60 167 234 48 168 234 47 167 233 53 168 235 31 165 229 37 168 235 42 167 235 
73 167 232 67 165 229 57 165 229 62 165 228 56 162 225 51 165 228 49 164 225 48 163 224 50 166 229 
71 160 221 70 163 224 69 167 227 73 165 230 69 167 231 63 168 231 66 162 228 57 161 226 54 164 228 
82 161 242 68 160 239 60 161 236 68 159 240 63 163 241 57 163 240 58 158 240 58 163 244 55 163 240 
70 160 231 70 159 233 73 160 234 57 159 232 61 157 233 63 157 233 45 161 238 44 155 235 48 153 234 
83 158 244 80 158 241 67 152 244 69 157 241 69 157 241 78 155 248 61 158 238 58 157 237 82 154 242 
31 166 234 27 169 240 24 162 238 27 164 232 14 164 234 9 163 234 24 164 231 16 169 236 8 165 231 
86 155 234 78 153 231 75 157 235 89 155 233 81 153 231 81 158 237 88 160 238 80 154 236 81 159 242 
60 147 197 56 145 195 54 146 195 55 149 195 53 146 195 53 146 195 47 150 195 49 150 195 48 148 196 
77 149 197 78 150 198 75 149 197 75 144 194 78 147 196 77 146 195 74 145 195 80 149 198 80 149 198 
69 150 195 69 150 195 69 152 197 72 150 193 74 152 195 71 150 193 75 150 194 75 150 194 74 149 193 
67 148 193 63 151 191 53 152 190 60 148 194 58 150 191 51 152 191 51 146 195 54 146 193 51 147 193 
56 142 196 53 141 195 51 143 196 43 139 192 41 140 192 45 144 196 33 143 195 29 144 195 27 137 189 
134 190 225 138 192 227 146 200 235 123 182 221 130 187 226 127 184 223 120 176 217 122 178 219 118 174 215 
133 188 225 129 184 221 137 191 226 136 191 228 132 187 224 134 190 225 126 181 220 125 180 217 130 185 222 
139 187 221 136 184 220 140 188 224 137 185 219 137 185 221 138 186 222 137 188 221 138 188 224 134 184 220 
88 149 199 91 152 202 91 152 202 88 151 201 92 153 203 89 150 200 90 153 203 92 153 203 91 150 200 
99 154 205 100 159 209 102 163 213 96 155 205 93 156 206 94 160 209 91 157 206 88 155 204 87 159 207 
138 193 232 131 184 221 140 189 227 131 183 219 139 189 225 139 187 223 130 182 218 131 182 215 128 179 212 
138 183 217 136 180 217 133 178 215 138 183 220 137 182 219 129 177 213 136 181 218 135 180 218 133 180 218 
141 185 226 147 191 232 144 194 230 146 191 229 147 191 232 145 193 229 150 197 235 143 190 228 141 189 225 
128 181 224 131 184 227 132 186 227 133 183 229 129 180 223 137 188 231 132 178 219 132 176 217 141 184 227 
111 178 217 115 177 217 119 175 216 110 179 218 117 179 219 117 173 214 115 177 213 114 178 213 115 179 214 
72 168 228 77 173 233 75 168 229 68 165 228 73 169 229 74 167 228 68 165 228 70 166 226 72 165 226 
74 167 222 77 168 223 78 168 223 78 171 227 78 169 224 81 171 226 81 171 228 77 167 224 74 167 223 
72 164 229 70 163 226 70 163 226 71 167 233 69 164 233 61 168 229 71 169 233 69 166 232 57 170 227 
75 165 229 82 168 228 88 169 230 71 166 229 82 166 231 89 169 232 59 172 234 63 165 230 71 167 233 
80 169 226 76 165 222 81 170 227 87 168 229 83 170 227 77 161 219 85 168 230 85 168 229 90 171 232 
46 161 212 51 157 211 56 156 214 40 161 211 42 154 207 49 154 211 41 159 210 42 156 209 42 152 210 
34 157 215 38 161 219 39 159 218 37 157 216 37 157 216 39 157 216 27 153 211 27 152 210 35 158 216 
46 152 215 44 153 215 40 156 215 36 150 213 42 153 215 42 155 217 33 154 216 40 153 216 48 157 219 
47 152 215 54 157 220 48 154 217 45 154 216 51 156 219 47 154 215 40 153 215 45 155 215 39 151 211 
48 159 215 40 163 221 22 155 213 45 156 212 32 150 209 21 149 208 45 158 214 34 150 209 28 156 215 
107 169 209 100 166 207 103 169 210 99 165 206 98 166 211 100 169 212 92 164 204 92 164 211 92 164 211 
142 181 209 133 177 208 130 176 210 133 175 204 132 177 210 127 175 211 130 177 209 124 172 208 124 173 211 
125 178 215 129 182 219 129 181 218 119 171 211 122 174 214 122 174 214 117 169 209 120 172 212 124 176 216 
98 158 204 100 161 205 97 160 204 82 152 199 89 157 202 88 160 202 78 153 199 80 155 199 82 157 201 
130 180 216 128 180 216 128 181 214 129 182 219 129 182 219 128 182 217 124 179 218 130 185 224 128 185 224 
36 160 231 23 157 229 14 152 225 27 157 227 15 155 226 14 157 232 14 153 222 11 158 228 2 152 223 
32 158 236 27 152 227 31 159 232 34 164 241 24 154 231 24 158 230 21 158 234 18 155 231 15 156 229 
44 157 230 30 154 225 20 154 224 55 158 237 37 151 228 30 157 232 56 158 240 41 152 232 34 158 236 
38 156 237 42 154 236 44 156 238 24 153 232 29 156 235 26 155 234 17 154 230 20 157 233 18 156 232 
89 172 224 92 172 225 93 173 226 86 172 224 89 175 227 87 174 224 90 175 225 87 176 226 81 173 222 
92 173 230 96 175 232 94 171 227 85 167 225 92 171 228 93 170 226 88 171 227 88 169 226 90 170 225 
87 173 227 84 170 224 82 168 222 85 173 227 84 170 224 85 171 225 83 172 223 83 172 223 87 173 225 
95 171 224 93 169 222 93 169 221 94 173 224 93 172 223 91 172 223 93 171 224 90 173 225 90 174 226 
82 173 224 81 172 223 81 173 224 79 170 221 80 172 223 80 172 223 77 169 218 84 173 223 82 171 221 
77 162 208 76 161 207 78 163 209 81 163 210 82 162 209 85 165 212 85 163 210 83 161 208 86 162 210 
58 159 214 57 158 213 58 158 213 54 157 212 54 157 212 56 157 212 50 158 212 50 156 210 50 155 212 
76 157 218 78 156 215 82 158 217 77 158 219 77 157 218 80 158 217 73 159 219 73 159 219 75 158 219 
58 161 216 59 162 217 56 162 216 54 162 216 55 163 217 52 160 214 54 162 216 58 164 218 55 163 217 
44 157 214 42 158 215 41 157 214 46 157 213 44 160 215 38 157 212 48 156 210 48 160 213 45 161 214 
39 154 211 40 150 208 45 153 211 42 155 212 39 149 207 45 153 211 40 156 215 40 152 212 43 155 215 
32 158 217 29 153 213 32 154 214 35 154 216 31 150 212 32 153 215 39 152 215 32 148 211 31 152 214 
41 154 216 25 151 206 25 151 206 42 152 210 37 150 207 41 151 209 46 153 210 52 152 211 53 153 212 
39 158 213 40 156 211 41 154 210 34 156 210 32 154 208 34 156 210 40 157 212 36 155 210 35 157 211 
41 137 197 44 135 196 47 134 198 41 141 200 51 139 203 59 139 204 43 141 201 54 141 205 65 139 205 
50 134 199 46 133 197 46 134 198 45 132 196 39 129 193 42 135 198 44 133 194 40 130 194 45 135 199 
97 176 227 99 174 226 100 170 223 98 177 228 99 175 224 97 170 222 103 180 229 104 177 227 102 173 223 
98 170 224 103 172 229 108 175 232 100 173 225 101 171 225 104 174 228 99 172 222 97 170 222 100 172 226 
85 162 219 90 166 225 91 167 226 85 164 221 88 167 224 86 164 223 88 169 226 84 165 222 87 168 225 
107 179 233 104 174 234 91 163 227 105 175 229 105 172 233 90 161 225 100 172 226 105 172 233 97 168 231 
95 174 223 100 176 228 109 179 232 114 173 229 111 171 230 115 181 234 115 174 230 114 175 231 114 180 233 
99 175 227 101 177 229 104 180 232 100 179 230 102 181 232 107 186 237 105 184 235 106 185 236 107 186 237 
105 180 232 100 175 227 104 180 232 104 182 229 97 177 224 100 182 229 107 185 232 100 182 230 91 175 223 
104 177 227 104 177 227 98 174 223 101 174 224 104 177 227 102 175 225 105 176 226 107 178 228 104 177 227 
109 181 229 105 179 227 103 179 228 109 181 229 110 182 230 106 182 231 124 193 242 107 176 225 104 177 227 
96 172 221 91 168 224 85 165 224 100 171 228 94 168 224 91 166 222 98 169 226 93 167 223 91 165 223 
111 172 212 113 172 212 114 173 213 119 178 218 120 179 219 115 174 214 118 174 215 118 174 215 114 173 213 
104 173 212 103 174 212 102 173 211 107 172 211 103 170 209 102 171 210 109 171 211 104 169 208 105 172 211 
110 172 210 102 164 202 112 171 211 108 170 208 106 167 207 112 173 213 110 169 208 109 168 208 110 171 211 
104 170 211 105 169 210 103 168 207 105 167 207 107 169 207 108 170 208 107 169 207 111 171 207 113 171 207 
106 179 209 106 179 209 106 179 209 105 178 208 105 178 208 105 178 210 107 179 209 107 178 211 107 178 211 
102 168 221 103 169 222 100 166 219 105 169 223 106 170 224 101 165 219 108 170 224 105 169 223 101 165 219 
102 167 222 103 167 222 105 165 224 100 165 220 102 166 221 101 164 222 103 168 223 103 168 223 105 169 224 
99 162 220 108 172 227 107 173 226 104 164 223 105 169 224 106 171 226 103 163 222 103 167 222 102 166 221 
100 169 219 98 167 217 101 170 220 102 168 219 103 169 220 104 173 223 102 167 218 101 167 218 101 167 218 
32 152 224 33 157 228 32 158 229 31 151 223 29 155 226 23 155 225 32 153 225 30 156 227 22 156 228 
15 157 228 28 156 229 50 158 235 20 156 228 27 152 226 46 156 232 29 158 231 28 151 225 43 153 229 
31 147 231 13 142 221 15 153 229 31 149 228 20 150 227 14 155 228 35 151 228 29 157 230 18 157 226 
37 153 224 42 160 231 36 154 226 34 152 224 34 154 226 36 155 230 38 151 224 30 145 220 44 161 236 
33 150 231 29 150 230 18 149 230 49 151 233 45 153 235 27 150 230 54 153 233 49 154 235 34 152 233 
107 167 221 107 167 221 106 165 221 110 170 222 111 171 225 109 168 224 109 169 221 106 166 220 112 171 227 
47 154 228 44 155 228 54 152 228 58 158 236 56 160 237 65 158 237 63 152 232 66 156 233 74 157 235 
87 157 234 86 156 233 78 157 230 85 157 234 83 159 235 76 159 234 84 159 235 80 158 234 74 159 233 
78 155 234 78 156 232 80 156 232 79 152 232 79 155 231 84 161 234 86 160 224 83 158 232 81 158 237 
76 161 235 78 162 238 77 162 234 67 166 228 69 169 228 69 168 230 74 163 230 68 158 223 71 162 229 
81 155 227 81 159 230 81 161 232 78 155 228 78 157 230 75 159 231 75 156 231 71 154 229 68 155 229 
28 151 209 28 151 209 29 152 210 27 150 208 27 149 209 31 151 211 35 150 211 32 147 208 36 149 211 
37 146 202 42 151 207 38 148 206 40 148 202 42 151 207 37 150 206 48 150 203 45 151 205 40 151 207 
54 147 216 53 149 215 52 150 214 48 147 215 47 149 214 53 153 217 43 147 212 41 149 213 48 153 216 
46 141 197 49 142 198 51 140 197 45 140 196 50 140 197 54 138 196 46 139 195 52 141 198 58 140 198 
50 145 201 52 142 199 54 141 198 49 144 200 52 142 199 55 142 199 50 145 201 53 143 200 54 143 200 
73 165 214 75 162 212 78 163 213 82 165 216 82 161 212 86 162 214 87 166 217 86 159 211 86 159 211 
84 158 214 88 160 214 86 158 212 78 158 213 87 163 216 85 161 214 75 158 213 85 165 218 85 165 218 
80 161 212 75 162 212 72 161 211 79 159 214 74 162 216 68 160 213 69 164 214 68 165 215 68 163 213 
67 160 221 66 160 219 67 161 220 71 160 221 68 159 220 69 161 220 73 162 223 69 160 221 67 161 220 
55 162 219 56 163 220 55 162 219 53 158 215 54 159 216 52 157 214 56 161 218 57 162 219 56 159 216 
71 160 217 79 168 225 79 168 225 72 165 221 67 164 220 62 165 220 77 169 228 61 164 219 53 165 218 
74 165 220 76 167 222 74 164 219 72 163 218 75 166 221 73 163 218 72 161 218 78 167 224 75 165 222 
74 161 223 74 163 224 71 160 221 72 162 221 71 162 223 68 159 220 66 160 219 69 163 222 65 158 219 
86 161 223 91 164 226 92 165 227 93 160 221 94 159 220 98 163 224 90 164 222 86 159 217 94 164 223 
75 161 221 86 164 223 80 160 221 79 164 220 85 160 222 77 154 216 75 160 216 80 157 219 79 159 220 
115 179 214 113 177 212 114 176 212 114 177 211 114 177 211 115 176 210 124 185 217 129 190 222 125 184 216 
114 177 211 111 175 209 114 175 207 120 178 214 118 178 214 120 179 211 126 176 212 126 178 214 126 179 212 
116 178 208 118 182 212 115 179 209 116 176 206 113 175 205 113 175 205 116 171 202 113 170 201 116 176 206 
71 153 195 66 149 194 79 157 200 71 149 192 77 155 201 80 151 195 75 149 191 76 149 193 80 148 193 
70 156 202 69 151 198 78 156 203 74 146 194 81 153 201 78 150 198 72 149 195 75 150 196 75 150 196 
82 167 223 85 168 224 87 175 229 79 164 220 86 171 227 87 176 227 81 164 220 89 172 228 85 172 222 
86 173 230 81 168 225 86 170 228 83 172 229 83 170 227 85 169 227 82 172 229 86 175 232 87 174 231 
81 173 226 83 175 228 94 180 234 86 173 229 100 180 235 105 181 234 99 180 237 87 153 204 34 95 145 
85 174 224 84 173 223 83 172 222 86 171 221 88 171 222 90 173 224 92 170 223 94 171 220 95 174 223 
90 168 221 89 167 220 86 166 219 88 168 221 85 168 220 85 168 220 83 167 219 81 167 219 83 169 221 
